1000 9890
488 67
677 895
401 572
682 967
649 278
775 338
941 614
525 871
656 986
761 670
829 889
882 62
850 544
725 724
545 438
263 655
51 445
267 712
696 966
630 723
320 426
229 566
380 422
494 426
8 87
720 504
523 616
528 798
891 18
823 524
339 724
734 335
312 668
131 160
938 816
653 795
992 681
874 906
933 460
663 183
666 713
614 643
889 384
11 564
88 637
839 790
642 334
274 586
828 101
315 154
727 789
261 821
904 572
600 363
550 553
793 996
997 588
796 745
250 671
597 655
328 253
646 571
25 3
805 537
586 868
442 612
932 328
561 34
251 580
217 933
536 288
510 423
975 731
854 536
871 986
485 107
513 48
864 876
920 46
828 911
850 851
392 455
358 634
217 904
372 950
549 311
495 311
243 262
561 925
251 787
432 599
967 569
146 733
934 357
498 200
838 814
341 782
416 187
661 443
354 395
520 515
318 54
194 96
433 792
285 855
90 433
290 591
648 837
807 900
694 556
826 732
204 792
596 746
958 497
672 202
403 754
577 195
501 283
853 118
925 649
378 86
839 71
550 62
188 475
762 944
528 536
356 641
196 958
179 136
911 763
644 966
520 204
35 457
449 845
884 626
728 30
175 301
126 277
550 964
737 848
559 395
304 437
927 343
782 622
14 532
805 823
275 788
707 761
634 315
110 202
303 574
533 925
93 918
59 42
935 613
119 922
489 153
714 322
283 153
847 162
872 982
766 54
604 437
515 412
555 731
3 688
558 290
465 49
895 556
396 545
327 975
755 944
884 88
155 870
332 822
141 964
792 68
744 349
872 402
691 886
85 459
364 630
237 768
474 210
347 320
494 145
530 48
985 710
986 41
74 943
237 145
679 126
705 711
434 471
643 665
94 437
857 93
749 135
810 29
369 891
242 459
631 103
136 36
817 979
787 775
626 293
114 855
921 825
867 85
133 409
464 992
653 722
71 189
837 497
302 371
841 451
783 480
164 368
184 526
888 546
460 715
597 902
677 62
810 593
615 712
571 661
691 238
958 568
69 206
641 965
179 898
878 768
942 29
603 791
250 501
72 973
404 916
358 119
957 384
384 328
794 399
762 507
55 418
292 976
918 868
211 736
729 867
812 174
979 743
107 992
348 462
314 330
315 767
688 115
708 126
353 210
220 688
773 422
314 317
243 337
815 863
428 453
587 968
267 961
698 423
459 345
71 836
872 398
229 831
216 626
358 925
823 224
234 647
721 159
25 672
838 886
216 481
949 391
915 11
863 705
459 135
742 710
216 400
356 657
588 216
917 298
113 868
423 945
541 206
311 345
854 127
125 689
919 433
83 593
725 386
598 112
880 226
892 405
624 795
381 920
648 123
633 547
632 970
565 410
424 145
877 344
952 977
184 443
131 212
44 819
923 80
943 29
670 831
153 989
433 381
788 833
257 911
511 140
573 129
351 599
657 430
417 705
457 192
306 295
898 35
979 52
766 364
733 125
384 340
224 19
238 145
245 643
289 745
606 644
386 156
581 970
84 630
233 84
253 9
474 342
833 901
462 303
784 499
33 280
113 527
68 281
650 452
52 478
380 995
162 170
94 817
816 947
180 314
54 279
627 467
803 959
498 165
996 164
817 607
949 958
837 916
384 702
885 952
379 27
142 997
164 869
781 754
270 73
403 360
186 856
354 198
905 174
799 978
891 21
341 60
70 650
221 534
518 674
957 130
498 617
852 936
939 258
307 117
326 435
401 8
481 314
526 88
529 276
57 719
98 37
247 169
246 149
584 627
466 336
72 551
932 181
166 581
6 750
410 187
875 69
822 588
70 225
880 861
833 209
884 829
577 723
574 880
16 173
898 7
828 324
462 254
390 363
653 303
102 48
174 413
414 464
824 894
107 650
570 366
550 214
300 19
384 94
423 471
45 353
104 803
368 872
920 47
741 441
318 330
160 612
394 91
842 828
332 866
911 352
345 473
954 709
846 847
26 900
189 600
854 362
844 148
122 924
138 921
160 177
643 700
130 793
38 182
129 714
692 407
198 424
645 103
441 569
834 160
929 732
127 483
95 65
244 653
616 376
856 263
69 550
839 70
37 88
666 520
481 326
944 858
523 885
657 187
235 979
242 887
943 213
446 919
473 921
911 619
917 872
663 218
95 500
510 566
27 892
466 308
70 178
163 364
93 243
923 294
304 438
555 943
292 223
82 247
853 538
693 821
378 634
239 447
701 726
814 943
447 642
799 185
250 688
658 747
989 219
140 761
768 690
841 860
949 173
866 22
849 313
759 858
337 237
341 749
512 695
850 933
444 822
674 407
747 567
324 268
552 551
828 940
447 70
51 681
25 602
544 998
534 626
285 24
542 52
91 809
845 448
994 922
912 905
765 297
416 216
109 453
755 495
924 864
872 177
70 560
117 635
299 642
503 354
142 76
695 864
511 855
739 176
226 965
489 125
143 674
806 38
757 572
170 268
652 696
838 727
14 437
622 718
550 91
458 3
547 648
407 94
930 885
131 8
834 473
926 852
999 134
726 602
250 387
982 944
965 831
495 615
595 269
580 735
236 705
536 156
524 902
50 829
474 593
667 950
824 839
311 897
883 292
176 122
966 529
628 16
674 328
286 2
897 175
275 751
239 38
775 74
120 406
907 466
731 182
372 941
95 551
918 566
321 494
176 311
837 95
570 235
334 429
541 43
209 305
414 896
860 624
493 121
497 126
830 264
685 635
152 183
194 438
450 940
130 814
544 736
195 640
327 391
666 831
464 687
988 186
360 976
735 171
240 344
422 232
43 741
834 232
191 549
677 366
697 672
57 577
584 814
787 915
285 505
365 387
188 412
745 969
653 838
781 145
527 861
269 125
454 443
662 764
679 566
793 103
540 216
793 748
217 664
481 104
563 918
700 5
738 176
820 314
790 114
314 811
870 812
488 634
106 201
970 670
64 73
920 391
477 446
595 7
814 999
719 663
709 243
492 945
201 292
992 41
993 832
543 124
908 303
158 922
988 989
992 408
385 302
850 986
232 285
837 736
15 676
863 864
241 465
936 719
759 947
464 176
381 277
459 503
77 60
588 936
346 47
632 444
788 422
482 34
85 386
323 277
682 852
789 720
764 602
797 37
691 990
673 127
583 532
30 684
17 755
659 188
532 182
695 650
220 810
29 332
947 761
730 235
70 632
604 704
327 107
57 899
991 128
189 134
52 898
56 325
994 279
632 888
799 866
781 467
433 557
490 534
352 538
956 863
4 188
773 688
498 761
305 619
392 119
288 391
198 254
461 46
297 223
869 855
69 355
969 685
622 625
538 410
757 790
761 211
637 864
265 778
839 784
628 613
899 71
743 372
681 852
306 377
187 661
168 362
795 263
793 945
887 949
512 799
213 678
417 605
71 712
493 349
594 887
611 559
906 523
335 887
829 771
668 678
665 160
824 895
258 649
868 584
634 630
837 307
641 456
589 402
807 479
401 587
323 66
452 358
846 178
6 85
617 106
674 483
440 469
28 501
320 891
742 978
946 995
858 247
74 806
784 891
241 223
60 885
113 842
789 833
217 790
588 259
4 860
61 669
958 149
377 600
29 191
802 353
108 664
826 619
101 950
919 538
646 310
462 887
673 500
949 367
735 338
721 384
303 166
247 773
487 106
970 304
511 912
922 703
453 22
709 319
320 197
999 959
106 570
692 805
696 288
57 746
352 726
407 938
134 934
283 376
14 760
435 421
681 93
944 953
746 637
230 346
411 476
150 123
563 974
747 93
50 135
213 713
590 565
2 34
511 468
225 171
334 375
898 940
580 523
546 679
177 8
654 554
178 291
366 580
538 3
477 373
686 123
779 311
27 522
675 486
935 936
791 452
281 793
138 260
447 274
550 821
811 631
902 322
120 957
124 748
86 468
112 912
355 512
997 977
391 856
323 62
87 73
863 952
348 411
621 313
379 50
67 37
548 572
346 116
371 731
798 956
11 474
68 665
256 259
276 974
886 661
119 959
707 482
891 257
433 937
108 621
159 883
808 843
609 772
422 483
759 270
869 346
950 565
973 492
338 905
192 687
835 471
507 870
159 913
330 789
839 722
541 153
708 766
877 225
941 35
249 268
415 799
288 336
541 443
709 585
527 888
705 178
404 688
442 495
518 804
211 289
729 421
378 701
966 74
993 488
645 687
248 161
490 898
676 203
269 651
3 355
776 545
248 16
853 573
712 703
451 405
306 400
126 17
474 606
515 220
720 858
387 593
118 597
694 354
552 343
58 630
581 989
199 5
456 219
404 91
813 129
941 460
281 339
932 529
149 134
81 195
299 148
472 704
203 624
1000 182
211 945
530 667
802 84
342 389
259 947
276 994
939 98
862 915
732 17
310 705
492 782
211 600
670 353
748 513
536 837
721 447
575 428
905 176
592 510
588 41
587 123
174 638
960 292
200 969
939 558
958 286
491 423
536 658
407 125
140 324
308 478
539 98
745 857
763 384
303 813
589 984
36 936
109 526
112 318
205 975
886 462
178 393
897 605
183 952
524 517
761 16
267 325
823 328
609 196
921 192
852 296
525 510
763 863
144 295
241 869
500 962
546 606
494 88
232 399
304 44
719 862
613 487
775 24
559 897
194 599
305 470
955 380
142 441
426 354
11 260
394 132
214 269
699 883
299 1
452 674
820 933
757 436
252 39
53 50
916 496
76 373
579 86
983 424
552 798
5 192
85 370
13 757
38 136
440 135
518 390
740 50
977 928
873 599
981 921
549 741
92 880
398 179
888 783
908 580
212 329
106 692
801 508
260 839
83 732
728 231
122 58
433 445
216 59
87 776
535 276
169 395
499 908
743 401
669 558
492 408
344 159
933 457
535 389
188 16
268 88
623 904
365 648
370 818
23 198
61 399
524 873
546 785
374 766
214 899
732 964
914 633
878 830
251 940
41 995
560 605
867 555
540 451
10 626
945 149
286 415
382 36
534 161
607 533
899 356
957 550
753 354
709 69
710 806
22 356
444 108
229 288
376 236
818 511
305 272
185 970
497 616
580 325
406 998
166 359
722 242
569 131
586 581
259 598
423 422
160 614
12 767
91 94
864 990
369 272
441 899
594 331
159 521
126 225
901 344
707 9
946 883
910 686
570 787
38 805
548 58
547 545
531 932
18 177
262 560
663 316
207 743
759 474
192 580
164 729
270 43
700 932
347 692
331 11
341 89
5 454
613 689
482 405
635 89
319 570
378 226
450 695
566 745
738 408
888 811
410 386
212 365
171 633
967 15
382 565
68 186
95 208
226 1
154 290
605 515
143 622
520 207
889 304
173 407
946 153
677 7
97 133
938 565
923 139
338 361
49 282
819 458
793 683
430 216
698 616
516 441
957 729
338 139
671 863
253 892
1 377
664 551
738 488
228 686
887 777
620 900
513 454
219 805
315 502
819 915
63 636
414 469
491 713
428 255
408 3
873 433
793 144
859 805
65 24
174 682
276 233
295 191
660 434
564 580
567 371
826 187
851 740
1000 234
929 178
747 855
164 985
200 530
369 397
204 936
595 747
787 445
971 424
590 434
633 400
133 83
981 895
857 257
419 942
248 776
645 89
82 339
838 698
92 824
255 348
19 370
256 832
117 667
46 590
47 64
160 300
549 782
188 506
814 418
320 34
999 930
913 91
697 612
776 373
302 225
452 694
199 683
300 514
818 67
942 757
159 268
604 169
297 560
61 439
644 186
413 686
602 845
966 474
720 972
610 336
993 88
858 358
580 616
796 701
466 56
547 353
345 585
954 357
696 479
827 868
491 45
103 258
451 293
253 241
714 357
5 608
183 234
920 476
59 952
81 800
888 80
403 169
935 732
441 360
217 487
443 438
85 793
176 203
964 124
253 467
55 349
629 616
300 356
449 550
821 262
345 629
950 426
772 990
78 273
52 372
350 625
927 575
604 984
53 78
954 763
611 822
976 95
48 578
265 825
217 845
751 776
990 560
592 911
117 940
603 61
227 164
938 353
856 773
27 333
749 104
252 704
716 119
710 62
992 922
853 186
1000 642
484 563
933 242
754 401
410 172
611 488
792 654
868 409
373 997
669 728
761 997
394 918
967 471
36 715
398 672
844 354
4 361
353 345
1000 928
361 950
514 522
880 86
40 157
316 58
524 759
47 442
434 909
571 564
2 201
594 623
460 889
780 472
505 352
947 377
648 982
206 456
623 167
123 782
896 660
469 886
291 74
789 471
334 357
983 513
862 646
600 153
645 932
263 33
675 417
676 974
276 476
927 696
249 566
495 981
206 900
618 76
855 15
295 246
202 669
177 531
327 545
898 533
548 840
548 709
360 114
656 21
458 675
96 540
540 549
392 269
836 328
674 191
679 952
859 249
355 83
385 744
171 219
651 725
604 595
510 986
294 231
321 155
622 59
15 139
94 368
277 944
234 912
929 821
252 740
950 877
274 386
437 598
450 770
562 625
445 107
726 964
106 693
730 267
677 256
736 836
327 139
791 792
259 507
61 59
1000 525
175 55
217 357
810 498
614 820
530 481
359 395
606 152
218 889
573 49
944 927
945 426
377 216
322 811
292 87
274 582
496 762
461 584
516 688
672 733
50 225
178 426
658 992
453 228
987 435
616 874
727 706
55 193
40 294
370 533
318 781
814 918
597 526
675 460
589 376
159 627
22 357
244 445
103 330
710 694
761 638
589 575
680 485
771 974
828 532
206 992
300 413
854 540
855 461
125 208
955 411
87 285
634 854
17 802
866 294
755 913
613 252
356 107
394 264
712 965
648 619
759 695
375 142
694 774
271 115
994 396
890 565
553 547
367 587
632 696
541 2
526 878
763 15
484 612
327 222
181 127
739 230
832 388
946 436
714 936
967 14
108 94
978 628
689 751
249 80
502 354
412 542
148 820
466 307
283 747
568 587
588 566
666 344
443 993
390 552
448 857
651 924
586 83
990 497
10 535
338 136
784 114
602 793
987 541
182 313
370 569
379 327
280 817
334 484
172 263
999 466
512 620
76 94
556 413
629 881
477 484
263 425
210 225
543 161
980 525
231 693
508 286
92 221
664 966
12 751
209 161
393 720
322 400
112 914
798 11
944 37
690 944
94 893
862 779
517 582
849 216
171 500
134 248
86 769
750 360
186 731
152 295
940 320
927 602
859 176
823 533
661 362
845 509
938 289
167 209
886 747
979 293
137 6
574 722
783 578
688 407
753 247
910 527
327 45
536 922
929 765
914 107
933 221
683 938
26 603
603 110
231 422
469 285
740 696
390 859
1 432
880 43
678 458
365 557
261 41
648 417
728 79
875 224
452 695
272 756
979 318
619 231
933 273
516 271
75 617
689 889
690 6
840 615
54 673
664 661
899 302
975 91
942 144
528 452
824 987
749 890
254 40
721 565
115 802
956 308
297 721
50 907
48 34
491 551
968 560
187 238
138 294
231 729
694 275
932 652
894 506
141 770
76 621
801 979
955 338
684 108
389 280
967 735
932 610
122 654
229 170
176 298
160 943
566 251
172 736
480 912
820 882
968 933
238 203
938 261
591 717
812 750
258 326
167 330
687 627
13 544
108 738
863 338
61 820
737 104
321 47
105 656
895 589
951 815
762 480
659 53
283 151
545 888
412 305
971 636
97 625
445 439
35 679
253 235
74 387
402 394
421 446
787 143
729 229
967 359
623 769
844 754
421 271
391 427
395 940
657 17
913 943
258 124
421 656
832 25
173 367
176 733
374 656
543 879
948 679
477 153
853 622
399 834
625 711
827 143
349 479
991 912
922 169
810 903
11 890
528 32
413 546
197 155
509 153
475 361
77 501
371 168
245 655
46 336
955 144
244 457
404 121
101 209
85 828
470 782
328 819
129 806
856 308
986 344
915 342
88 990
711 142
797 256
227 459
108 913
364 555
459 473
534 545
919 813
333 352
885 787
561 965
968 961
109 505
280 451
778 334
564 339
677 604
226 678
583 678
434 411
622 56
865 837
406 541
541 459
948 208
166 189
189 244
283 115
235 858
61 58
479 351
412 644
711 32
992 686
306 786
210 551
652 466
834 493
199 733
607 224
1000 812
313 693
234 394
399 896
844 613
762 234
157 846
598 604
451 561
567 903
352 410
939 968
720 445
118 753
999 88
987 560
145 435
276 235
903 278
542 722
314 957
666 150
837 431
626 690
791 741
722 97
559 566
998 242
344 165
732 10
897 123
682 755
868 730
427 916
102 790
792 100
590 11
812 1
487 857
842 824
937 848
95 632
368 999
488 86
355 711
997 156
467 897
693 179
109 332
592 810
787 260
68 567
953 236
920 832
831 106
726 148
306 158
432 682
967 858
90 442
469 562
458 422
702 157
777 42
825 988
337 630
855 993
531 23
643 561
436 337
286 713
204 789
260 7
722 854
797 943
679 260
459 929
278 487
794 187
751 897
5 742
416 747
2 364
979 436
317 805
412 543
152 343
93 350
634 98
338 359
836 762
1000 776
681 467
843 367
461 619
227 921
205 614
685 284
409 33
839 535
736 284
555 816
519 661
352 21
595 83
922 225
192 462
760 268
488 949
602 188
281 136
158 838
400 522
800 35
393 727
600 537
620 676
917 140
759 967
464 236
357 76
177 713
713 495
767 548
146 536
111 64
537 153
556 83
774 158
177 602
401 622
437 88
132 490
229 774
409 22
125 981
825 7
1000 495
977 204
591 803
686 788
631 30
48 600
160 866
531 853
768 353
203 772
705 730
333 697
36 115
716 510
575 437
687 719
17 329
933 843
477 607
955 979
649 156
133 371
796 469
51 150
237 319
554 3
495 862
576 631
869 906
448 630
514 693
715 28
956 809
165 51
937 42
666 616
574 337
154 260
107 236
827 535
3 57
4 262
226 146
597 897
856 5
126 427
252 866
459 568
334 692
248 309
254 335
862 398
865 186
349 73
245 392
174 140
512 811
620 196
303 616
987 715
325 480
20 626
311 13
478 518
301 119
415 946
620 859
573 459
794 392
922 197
304 180
638 179
159 254
988 70
827 64
898 318
888 82
137 532
524 224
428 13
637 361
429 356
984 933
73 714
736 6
23 716
281 277
655 751
12 419
215 164
860 191
128 96
129 217
42 554
349 958
603 327
779 481
87 651
259 807
8 613
336 402
427 109
676 616
57 24
85 490
394 449
837 955
392 948
626 190
967 22
665 586
618 554
602 183
177 800
305 551
239 911
712 993
354 332
797 206
186 495
999 618
795 981
706 8
467 516
838 533
964 720
300 649
181 714
402 233
207 590
905 262
618 863
745 148
454 157
237 291
761 473
407 9
688 865
456 872
749 392
368 844
79 689
155 193
835 867
50 409
245 875
516 206
538 386
866 23
648 350
18 714
348 837
818 101
191 997
930 942
732 995
165 666
81 727
780 425
141 353
839 590
1 310
535 177
282 265
505 576
487 368
823 250
515 317
331 972
794 492
884 342
284 818
231 879
933 473
294 660
26 378
537 390
846 440
314 9
333 219
577 901
62 532
50 575
876 759
811 944
996 508
279 842
85 786
129 805
202 853
257 579
744 527
141 950
290 464
220 657
739 675
849 39
480 974
834 679
648 625
742 901
925 123
369 300
436 88
453 902
226 564
651 727
213 298
684 970
898 932
541 60
797 210
514 936
911 94
113 223
791 564
242 445
959 866
902 193
844 418
889 102
763 210
505 198
415 593
623 582
477 824
4 184
27 73
579 548
765 785
568 339
531 329
364 142
572 427
749 239
539 210
867 225
887 530
416 575
1 711
165 860
719 421
277 151
369 753
83 319
193 387
310 874
344 785
382 841
240 866
776 414
547 477
771 133
774 740
563 871
509 203
989 62
790 18
520 530
874 131
859 637
969 237
440 925
126 133
702 311
872 992
465 446
379 656
231 659
876 580
845 745
409 791
585 430
696 967
181 315
2 670
258 564
465 88
443 125
780 608
214 300
566 49
973 17
332 159
600 296
926 153
485 375
837 994
398 342
608 470
476 876
395 254
117 832
777 847
280 433
52 221
768 134
476 993
845 424
596 786
389 130
622 106
165 427
114 261
556 684
338 909
62 61
820 73
274 85
222 295
313 521
192 758
296 308
848 769
377 303
13 841
783 357
145 81
458 232
313 747
780 12
429 921
31 613
801 526
315 474
198 222
166 440
886 107
118 897
9 627
270 873
123 637
876 85
168 44
593 893
210 667
601 282
329 127
98 292
356 790
118 675
288 184
680 22
573 309
206 262
941 177
871 48
244 502
277 217
335 855
67 749
768 701
720 769
193 26
721 600
792 632
577 988
874 118
774 381
909 602
851 282
942 558
375 552
546 500
451 104
287 758
552 669
898 441
989 760
589 454
158 97
587 849
345 542
626 336
937 802
845 153
901 647
884 321
635 589
11 321
33 393
87 58
841 562
419 740
812 373
445 636
891 404
768 243
473 371
219 275
720 220
294 323
851 854
19 40
256 438
350 954
616 44
89 172
507 141
380 373
184 216
97 649
665 911
155 297
816 557
682 372
216 297
786 141
135 493
535 522
294 956
646 417
388 433
145 40
526 251
160 432
436 421
203 498
977 655
706 455
122 14
992 760
437 829
791 834
829 11
500 391
639 436
917 920
231 134
936 126
739 371
706 536
982 949
842 72
588 596
379 423
637 917
214 974
155 214
741 983
796 696
581 190
841 1
533 955
521 899
520 554
778 172
962 823
619 404
586 855
642 197
719 977
233 98
430 580
552 746
607 780
186 40
888 194
335 585
484 309
12 604
682 712
348 452
724 671
379 422
663 780
150 673
446 216
854 693
102 686
785 902
347 309
220 573
522 115
996 142
835 8
198 696
74 890
823 635
739 612
717 68
560 273
726 354
583 559
754 91
833 293
521 138
298 245
482 374
834 963
872 146
764 384
912 889
86 124
507 169
109 53
976 368
759 415
389 875
213 119
861 683
517 111
518 696
1000 645
655 497
203 414
592 797
209 769
793 684
952 983
592 462
351 959
930 446
71 605
153 781
919 2
689 565
546 918
899 398
767 500
714 77
496 721
978 717
210 867
781 110
508 668
130 32
477 151
577 713
139 306
412 870
586 105
754 931
802 577
788 540
720 826
427 652
10 444
853 846
693 665
587 66
416 248
417 406
93 841
814 859
33 742
159 354
219 159
664 768
922 504
210 310
523 199
724 691
266 503
103 662
548 481
915 990
152 546
963 42
195 436
622 365
552 883
627 473
321 382
638 338
293 752
428 709
947 591
285 844
342 135
270 160
551 113
455 156
510 985
422 120
84 692
503 176
216 370
610 542
187 819
282 613
446 304
274 385
828 286
977 582
687 887
299 606
212 341
288 301
761 847
74 338
861 517
542 996
4 185
832 298
795 222
118 11
505 182
14 374
127 299
536 754
900 371
244 597
227 641
66 513
17 195
588 702
184 716
593 784
569 922
254 309
992 910
166 639
745 714
218 478
175 391
178 425
185 643
862 327
79 350
942 95
728 807
512 788
829 604
21 11
145 577
699 358
183 9
663 259
831 877
490 137
128 924
258 275
723 477
372 305
798 393
825 557
129 102
907 880
125 124
399 503
717 344
383 932
811 927
940 57
311 123
284 565
46 588
929 328
234 318
381 323
65 642
673 835
164 435
911 505
289 90
362 624
780 706
99 639
834 758
964 341
983 475
289 203
475 672
494 252
995 441
856 977
294 774
616 49
137 120
161 972
989 968
890 419
947 728
364 958
402 159
901 247
165 12
287 246
400 388
839 60
108 458
40 826
256 791
666 530
755 97
21 493
761 257
896 898
93 348
758 86
226 383
865 430
546 990
781 37
417 786
553 158
477 174
775 523
758 193
779 588
652 214
525 32
893 614
879 951
625 572
348 957
344 533
148 59
400 878
277 216
746 939
323 886
431 937
515 372
153 475
104 615
253 90
733 208
93 689
955 218
63 969
863 517
802 875
250 924
699 209
703 697
320 958
816 19
525 629
159 459
822 25
825 811
220 683
516 904
246 943
138 242
285 97
586 756
90 30
366 116
756 644
65 543
172 981
789 830
871 725
105 270
755 324
920 899
80 60
977 194
372 828
602 209
218 786
242 224
78 586
562 835
29 158
549 583
307 868
806 382
493 945
829 695
117 581
658 321
773 912
955 981
302 408
985 26
472 67
143 680
421 542
498 683
412 351
377 179
334 920
501 105
754 822
965 730
878 553
404 718
481 469
528 650
515 916
463 82
780 304
853 742
395 786
396 41
18 631
679 878
116 374
687 355
358 159
552 62
934 274
183 960
387 711
63 702
565 97
702 963
115 558
779 342
746 911
799 155
51 437
957 987
10 360
854 889
672 853
880 712
898 491
846 461
891 211
560 214
478 945
462 474
45 274
29 653
871 906
160 708
430 692
203 742
771 664
479 637
464 202
651 126
466 632
414 232
609 744
388 963
924 469
523 184
177 580
16 710
627 508
21 699
703 947
47 703
945 639
846 905
151 749
838 873
768 335
226 641
252 365
74 605
373 435
679 232
937 473
838 523
860 771
256 689
4 55
260 217
320 356
913 241
252 670
772 60
424 450
757 370
654 56
416 678
933 79
113 492
244 626
705 224
834 388
106 639
123 695
930 915
577 430
563 111
122 261
680 945
630 85
580 682
687 150
879 894
715 745
420 475
346 503
847 186
987 553
515 174
621 104
358 10
163 8
111 710
132 985
467 476
509 7
382 495
186 90
686 295
104 703
67 309
908 293
234 302
443 470
328 896
175 919
171 416
300 324
929 284
767 926
220 659
518 206
205 193
877 719
843 579
806 597
134 342
674 187
677 712
857 140
698 309
898 819
204 14
497 28
61 627
170 762
375 87
530 410
195 176
950 583
937 420
935 145
648 849
189 303
742 741
783 109
985 243
828 559
502 969
313 604
154 292
498 608
394 902
354 35
544 95
189 818
394 950
734 454
221 305
910 991
615 577
339 826
452 635
948 608
934 919
573 77
499 512
870 529
562 478
487 35
126 481
865 375
115 592
944 610
317 992
84 989
106 885
117 147
245 334
879 491
269 718
989 549
287 458
452 63
573 497
304 584
888 29
337 361
634 513
638 201
343 311
467 531
918 807
479 663
245 529
267 211
848 330
719 825
977 426
723 314
82 334
551 976
936 657
927 989
289 89
826 160
590 185
43 214
674 108
739 558
497 175
631 452
647 355
872 461
85 416
378 410
553 918
147 69
541 109
561 631
151 906
544 302
372 670
986 895
968 734
130 899
661 677
756 869
308 217
354 229
679 257
389 563
607 35
458 22
523 874
892 587
435 314
511 111
437 840
630 243
300 644
190 157
675 592
433 301
16 339
168 46
328 279
121 18
479 772
490 441
182 531
623 939
19 875
701 781
775 522
170 855
444 282
118 673
729 508
748 296
72 985
59 181
386 159
940 730
334 377
540 598
196 378
155 368
953 673
274 840
353 833
335 849
456 86
684 358
690 723
547 166
340 936
362 800
236 777
720 658
612 896
738 711
189 945
903 21
85 768
341 758
250 925
272 599
684 388
445 664
695 260
219 119
93 594
242 940
371 816
65 621
228 239
306 957
792 76
405 583
725 946
851 747
446 141
398 304
789 673
665 627
426 89
892 52
569 15
63 296
424 570
21 632
262 626
968 619
242 368
890 452
617 388
143 314
551 393
960 698
246 411
986 962
164 410
460 541
338 661
662 206
910 203
126 716
861 615
112 42
221 712
829 9
79 734
170 646
692 775
967 383
678 246
277 583
482 775
523 999
253 584
168 10
653 61
526 309
73 179
127 960
643 123
407 682
232 876
413 681
340 383
163 414
930 612
684 548
978 265
724 229
612 185
763 841
125 336
185 957
690 356
82 312
669 814
658 710
337 177
107 587
716 891
510 404
495 32
779 55
68 828
968 124
107 984
714 236
91 710
816 48
128 246
238 493
419 565
719 614
613 175
650 443
726 390
393 978
732 275
237 843
793 196
894 555
843 567
545 417
484 843
983 371
764 617
170 38
43 828
303 262
469 106
364 42
717 820
331 121
647 585
248 809
563 50
714 522
930 607
461 780
271 341
991 58
294 990
333 956
706 438
92 793
218 588
285 138
938 837
44 916
809 444
191 691
895 943
524 294
199 868
2 416
956 801
49 564
122 32
504 992
31 575
770 957
255 93
2 339
899 195
719 450
926 808
734 5
442 397
357 414
891 570
909 183
32 597
785 361
280 591
654 629
736 360
115 917
867 642
228 668
136 866
324 143
788 542
556 466
440 294
618 151
860 120
367 408
404 150
760 60
997 817
85 855
604 117
200 147
276 72
833 925
832 584
656 678
219 14
466 368
93 617
78 199
906 82
870 355
428 274
86 722
384 9
772 959
129 939
258 881
636 292
655 994
626 846
972 806
494 230
479 886
592 54
755 319
977 777
856 614
360 789
513 751
150 198
312 984
419 924
701 944
103 751
463 691
959 798
295 41
907 947
655 49
316 402
42 208
351 110
759 125
344 472
71 95
429 545
551 221
378 59
986 954
382 515
355 329
14 372
790 469
94 38
776 163
136 706
799 649
33 839
23 254
22 818
293 728
247 717
254 315
240 869
415 406
291 156
887 946
466 106
801 931
879 514
326 902
440 817
611 596
906 562
887 803
362 954
895 276
419 177
510 924
516 880
149 105
266 183
286 50
457 544
854 529
927 847
349 208
219 106
312 564
811 814
86 725
194 804
452 508
147 358
419 63
205 228
777 995
119 354
925 171
746 408
216 643
453 982
57 85
973 159
907 753
503 112
933 625
720 130
646 158
703 91
48 527
160 201
731 258
308 497
40 655
593 293
705 867
668 273
962 114
263 891
217 57
15 234
845 615
539 484
544 414
885 581
609 450
88 778
105 876
130 563
948 986
898 474
565 425
877 135
606 351
576 926
22 56
250 149
1 695
188 67
315 495
38 276
296 996
593 882
226 381
356 1000
689 30
507 794
109 720
726 692
231 125
576 90
614 390
597 700
604 360
715 513
737 73
280 822
478 697
617 755
541 901
799 161
112 681
921 51
616 298
817 66
180 908
654 847
859 715
770 344
718 130
769 249
336 283
815 989
318 671
559 839
375 986
824 512
791 726
793 267
703 776
618 272
125 864
608 262
954 894
919 992
777 799
905 510
47 677
413 475
911 332
627 403
148 32
919 849
120 328
88 601
855 163
237 136
844 176
518 433
392 89
502 788
798 833
782 330
986 161
865 784
207 705
8 393
464 699
122 46
35 848
416 958
90 269
53 391
260 231
703 349
118 343
748 826
159 265
866 301
334 879
887 385
448 510
106 758
14 445
731 957
645 357
313 772
443 693
361 988
605 609
614 753
356 829
936 97
700 394
594 645
39 824
120 772
853 740
265 843
947 355
767 418
509 430
753 528
687 365
748 69
872 797
944 698
763 840
12 234
897 788
314 910
98 553
542 558
492 745
926 14
366 986
167 735
611 765
614 140
101 343
436 673
780 886
339 414
54 119
400 618
129 172
132 382
833 944
150 602
926 427
487 959
823 801
20 946
100 352
392 569
229 68
251 756
24 878
879 510
21 644
594 378
498 659
155 970
492 521
446 174
622 199
860 584
753 468
171 245
190 83
593 476
348 834
904 257
816 637
165 820
144 662
843 788
683 239
242 405
425 243
653 4
598 30
219 311
585 854
807 774
647 985
565 368
752 345
147 715
60 376
316 210
246 23
995 438
89 472
217 275
22 932
4 343
353 339
407 122
502 316
622 605
114 124
878 971
936 462
773 549
787 383
173 473
600 123
583 146
610 44
960 67
46 8
822 633
625 617
554 551
61 469
780 421
486 66
642 386
861 14
864 286
883 490
149 882
569 831
555 892
439 201
7 389
48 250
214 715
604 455
801 47
533 845
367 411
733 790
186 459
314 132
803 344
626 621
278 954
628 227
58 330
742 863
765 22
983 67
203 533
794 940
265 186
53 59
146 751
656 916
703 977
744 158
542 81
644 530
660 900
894 784
904 430
894 983
844 248
347 560
612 108
170 27
964 673
810 125
968 676
616 246
449 241
695 928
540 999
812 892
247 825
213 249
431 54
783 269
39 525
795 211
62 502
17 96
930 834
861 942
308 594
554 854
458 67
204 547
579 697
230 551
156 670
50 441
948 610
49 938
365 752
593 789
11 558
785 187
714 227
255 193
457 26
79 332
629 468
650 843
944 612
487 434
664 675
148 636
41 996
940 752
170 768
192 328
121 342
693 984
605 252
951 400
934 710
320 272
21 24
883 375
520 741
758 565
709 223
231 655
287 905
509 41
510 322
201 422
870 34
106 311
824 758
572 696
665 458
832 597
941 269
979 678
803 372
328 852
882 487
752 967
20 217
445 596
232 31
489 624
570 681
755 365
4 693
612 290
725 525
122 562
708 861
782 508
344 32
472 989
682 816
220 919
846 967
127 383
119 131
323 390
766 852
511 725
703 171
282 725
778 766
372 435
801 183
765 638
677 460
164 529
132 55
596 764
781 414
855 621
532 432
972 271
856 686
833 119
338 687
620 281
948 494
718 954
365 434
203 347
170 672
157 308
677 191
225 636
130 338
524 550
563 56
601 493
473 610
607 195
24 832
430 112
13 440
715 290
934 512
370 849
813 721
61 428
944 512
173 178
641 608
714 406
607 481
790 67
918 116
331 682
297 622
317 627
329 288
102 122
27 962
487 692
110 593
71 821
599 984
922 285
444 745
356 798
712 873
753 707
770 345
632 64
978 212
104 761
360 259
750 528
955 332
629 925
354 865
391 848
871 626
604 173
257 340
32 977
685 876
834 678
907 318
86 795
966 863
55 532
132 471
774 34
595 515
262 854
674 142
109 299
436 109
37 320
794 791
9 245
894 924
458 628
445 858
181 117
235 618
877 951
881 444
735 297
576 686
118 293
135 476
275 107
143 260
513 806
330 797
38 90
223 106
778 613
377 350
51 157
734 354
776 30
759 213
959 567
451 944
378 112
568 416
606 312
311 580
279 42
710 266
383 118
757 805
633 879
945 411
726 736
395 902
182 578
735 882
701 958
886 506
268 31
515 38
862 371
793 648
942 43
602 852
822 525
163 384
735 528
956 323
323 349
587 164
940 895
941 34
230 43
729 760
805 563
165 14
370 422
997 795
853 634
34 369
418 16
519 410
978 184
284 969
30 253
894 508
879 392
827 293
121 366
816 50
835 819
232 185
621 961
715 617
38 555
609 749
337 994
523 497
251 868
824 396
993 767
214 219
877 889
769 654
826 457
755 293
613 911
213 273
638 594
753 260
133 176
617 469
856 571
230 118
948 75
34 535
203 180
22 744
170 439
541 18
782 214
198 489
899 918
972 192
497 288
991 822
411 80
929 659
35 732
697 687
75 397
278 416
388 288
502 130
730 417
583 252
596 729
531 417
153 497
848 747
482 809
966 31
37 377
19 738
207 137
176 723
761 577
737 918
3 310
331 741
667 847
141 412
352 960
896 391
112 532
899 368
991 926
962 996
942 182
712 707
193 939
785 393
749 856
128 948
992 179
738 427
842 445
210 16
400 568
497 580
632 9
673 601
659 666
309 285
367 11
224 779
941 296
859 813
306 949
774 200
172 890
595 586
228 161
854 725
46 790
441 372
225 881
695 620
789 743
518 495
682 401
711 474
679 56
663 604
282 766
523 532
99 919
268 957
964 674
659 52
899 613
437 558
740 393
722 876
541 168
939 913
571 941
153 756
989 607
246 449
623 663
144 913
861 572
199 949
716 225
457 276
661 864
5 652
930 835
715 475
771 349
611 154
156 671
75 969
974 743
747 554
634 65
265 817
13 403
718 744
844 611
595 351
44 559
5 831
227 611
232 791
969 438
680 63
370 701
184 518
607 541
940 640
149 354
862 613
280 843
928 951
712 846
538 390
401 969
456 140
590 883
612 641
616 661
689 98
375 579
600 515
360 296
983 768
720 568
741 350
819 848
824 614
302 25
37 947
115 431
25 987
580 99
323 218
949 178
259 866
66 360
532 125
879 166
601 667
129 550
385 604
998 560
503 114
640 470
294 171
902 810
245 20
545 111
963 808
929 904
161 358
273 876
690 131
954 557
425 185
729 423
428 820
147 804
331 3
977 533
740 358
138 435
804 399
247 796
909 313
970 313
611 41
959 611
664 388
93 295
455 704
260 946
284 368
840 660
344 835
587 129
201 990
478 498
80 845
136 591
619 240
247 723
654 273
941 936
291 813
623 948
628 578
496 779
913 762
361 664
558 220
942 127
693 827
824 966
366 589
849 533
558 79
597 555
980 421
475 343
546 414
471 131
914 902
594 114
779 12
206 272
113 636
681 802
578 926
831 496
63 858
671 155
17 886
842 759
38 524
630 938
466 69
280 244
778 95
686 572
106 894
103 730
43 821
369 308
195 368
786 597
345 259
399 26
846 945
403 177
160 888
215 706
259 636
902 979
564 273
584 719
469 83
483 65
274 35
773 11
998 830
489 798
644 248
222 260
169 152
5 290
167 634
456 844
143 692
271 483
713 912
122 11
730 458
81 709
202 163
536 703
631 926
320 58
422 281
311 500
180 140
903 656
923 254
139 559
800 355
624 39
576 820
268 962
616 651
46 242
738 162
615 872
1 648
600 191
68 509
805 976
296 736
512 976
196 345
224 2
689 200
182 143
591 225
538 927
261 532
671 89
391 806
340 830
425 105
378 46
917 170
167 831
640 193
559 572
592 714
115 359
613 172
685 847
635 620
671 268
855 99
603 458
34 963
704 471
332 220
519 200
741 72
445 923
194 157
696 839
739 619
613 910
861 526
265 126
184 10
795 570
990 946
281 964
584 747
948 84
109 48
557 712
339 599
622 918
165 255
638 901
74 127
118 177
156 918
515 585
187 582
990 997
477 814
973 745
951 966
178 205
195 825
400 351
112 73
238 761
991 453
247 325
814 417
135 761
942 763
752 57
934 879
59 419
690 195
733 319
571 588
239 682
738 215
150 73
408 536
689 953
429 254
891 575
468 356
579 707
511 262
504 248
832 911
746 717
49 427
837 146
914 669
98 600
64 680
121 297
767 166
793 901
521 819
849 494
300 34
727 389
874 75
68 6
875 670
648 766
162 479
606 514
77 208
958 683
138 231
945 812
896 168
418 164
293 776
681 890
208 272
687 41
604 150
767 762
896 179
518 194
3 915
423 10
214 373
623 27
381 412
823 549
647 379
337 862
599 2
186 525
924 819
149 485
194 16
933 555
111 469
501 489
373 209
277 952
350 774
21 814
553 778
722 450
187 935
169 208
188 340
830 159
433 164
178 798
269 181
382 518
331 324
938 804
601 102
341 291
273 195
536 759
22 838
244 594
317 794
123 599
567 766
922 835
671 588
947 300
777 251
112 339
61 390
528 357
512 890
252 434
896 729
549 177
630 678
302 856
131 880
705 403
889 238
527 718
841 115
917 302
525 281
489 169
253 192
974 915
462 116
376 245
893 784
146 781
94 542
599 738
979 123
450 439
33 645
713 363
769 9
683 111
34 691
996 414
963 239
637 412
555 393
613 147
299 215
798 63
251 702
821 326
342 167
76 259
433 496
65 566
447 164
432 579
916 413
57 821
228 469
284 327
656 818
252 435
894 614
646 157
316 592
505 10
196 502
359 914
865 777
721 365
596 655
99 465
228 267
302 534
288 96
125 669
843 990
200 812
402 152
62 182
439 58
178 947
454 844
915 298
758 286
613 521
320 160
467 435
359 705
839 59
515 641
972 408
260 812
317 205
283 453
269 42
715 454
992 577
682 83
174 921
321 699
767 788
438 530
283 739
560 739
525 91
818 39
857 571
107 436
666 857
841 949
295 489
851 85
693 826
966 262
292 849
455 775
637 749
491 563
439 819
249 517
837 396
379 600
228 949
125 27
203 753
663 625
941 367
109 869
381 354
626 337
295 182
617 76
89 387
648 679
389 462
304 711
971 466
882 235
155 513
982 182
622 153
535 802
38 894
62 112
137 159
670 371
618 576
602 77
610 592
591 791
890 448
797 148
398 193
271 381
826 644
518 726
339 555
857 42
126 865
395 745
5 664
283 79
710 608
2 582
100 546
252 778
680 843
737 686
993 260
944 873
141 148
605 495
914 404
878 925
287 668
690 175
505 339
749 592
163 309
149 746
667 869
600 128
802 708
106 841
567 964
292 230
743 7
966 354
14 879
474 548
830 916
718 451
846 308
983 89
225 318
978 404
542 557
511 55
430 991
966 765
542 956
563 579
698 475
695 70
771 526
104 727
410 698
716 966
552 639
496 361
464 207
357 412
768 951
38 553
114 131
489 327
263 504
329 976
510 709
4 760
186 243
704 840
725 594
964 426
413 444
146 281
510 852
209 447
378 478
876 358
255 948
350 920
943 844
912 895
578 651
548 911
166 62
802 422
307 244
865 674
938 958
406 760
191 558
416 844
477 813
334 846
243 951
544 72
857 951
341 270
145 19
919 171
957 84
540 188
889 262
302 155
303 838
658 211
522 57
734 164
831 49
114 779
656 970
395 932
487 58
537 595
594 612
387 264
961 947
727 832
156 603
50 242
141 265
382 167
933 317
165 643
661 439
210 768
174 179
533 616
827 135
560 570
266 957
175 719
434 631
479 140
573 488
830 700
832 686
889 819
818 465
802 970
641 328
961 563
355 750
93 835
831 597
633 310
653 481
747 14
2 693
760 943
559 907
513 39
487 988
961 534
618 452
926 21
971 700
668 303
536 495
475 813
78 715
416 317
952 351
401 559
313 171
96 533
123 456
413 384
795 616
82 163
708 907
893 401
379 343
845 270
463 703
631 245
288 69
401 792
311 891
792 469
744 974
249 496
981 943
393 398
288 180
472 145
200 896
187 934
27 209
763 235
231 401
660 571
739 66
28 317
819 218
325 877
662 548
79 658
959 734
377 118
801 724
532 876
528 727
295 875
56 708
278 31
819 361
384 494
410 223
629 66
423 439
585 228
162 687
419 36
262 402
576 351
470 721
625 884
405 106
427 750
162 369
290 186
625 965
68 931
47 240
928 824
121 550
414 11
417 293
426 445
65 747
716 526
368 868
457 693
613 146
725 808
724 733
413 66
518 175
774 69
361 211
299 103
483 258
856 808
11 427
536 122
954 713
119 239
548 737
74 956
950 693
165 451
702 314
651 744
29 180
468 660
765 231
750 38
454 931
846 629
264 123
742 698
218 494
56 509
972 187
754 450
636 776
990 787
80 402
703 394
374 20
620 276
892 465
624 863
281 568
808 406
516 111
369 948
151 212
355 361
123 645
343 844
36 820
218 691
636 782
784 830
197 263
736 583
633 961
260 579
64 68
266 640
118 94
880 230
718 714
87 890
80 990
745 680
602 895
896 678
110 890
550 759
742 335
444 390
234 62
904 434
73 500
52 632
637 748
50 924
767 889
658 735
336 428
292 929
331 909
978 64
962 861
524 244
963 428
619 318
513 333
586 909
352 207
208 443
392 73
648 351
529 731
548 321
582 765
747 547
90 802
237 977
632 289
46 768
683 653
708 158
466 545
530 682
310 546
824 499
225 846
299 106
746 504
489 593
199 426
219 360
891 500
424 912
722 385
739 328
356 135
912 901
51 595
108 608
113 958
954 604
575 44
802 415
579 169
781 733
804 770
414 690
807 905
41 314
798 140
429 168
247 220
198 384
803 830
900 140
557 883
467 481
415 897
71 35
361 739
381 903
991 82
630 310
833 80
979 481
473 929
972 445
886 223
500 398
726 884
527 845
236 384
148 866
429 775
891 676
224 439
32 364
444 324
192 149
528 287
787 718
206 506
279 378
118 646
758 776
680 249
149 858
871 77
15 769
254 81
764 646
546 561
833 428
129 55
741 690
48 161
675 28
37 791
168 730
650 322
368 861
354 768
650 469
445 695
64 778
820 549
587 882
676 513
54 149
310 771
109 379
298 231
86 85
684 139
405 614
592 85
686 713
979 471
860 580
419 790
722 613
17 515
289 358
27 470
621 258
34 530
808 673
829 691
599 463
69 704
369 786
541 370
691 285
764 381
655 510
161 526
203 407
333 776
656 327
52 720
715 48
737 600
611 99
630 141
887 278
643 188
554 769
370 946
739 263
577 416
154 403
887 647
121 92
88 147
658 867
166 586
909 6
429 252
839 469
586 1
148 612
313 552
461 555
227 985
447 1000
799 327
84 554
838 235
895 494
590 632
383 730
455 825
871 113
50 981
90 678
202 744
976 715
727 467
779 360
48 254
625 984
555 641
497 633
149 80
427 786
84 635
747 461
430 619
497 539
254 815
167 844
314 128
958 681
284 552
546 311
964 90
215 64
879 425
661 102
578 964
392 473
559 891
121 875
269 136
842 781
517 615
958 907
285 35
893 334
552 890
627 478
114 55
702 396
545 471
178 728
826 488
21 586
831 121
925 610
18 320
38 135
407 470
851 900
342 777
10 158
868 321
635 182
857 240
147 890
636 852
153 618
173 535
302 325
31 649
711 27
787 955
37 56
912 505
834 482
528 697
675 954
508 985
607 235
684 820
994 252
540 304
208 283
314 753
520 828
353 93
11 691
339 30
916 813
98 651
24 115
746 815
249 781
642 98
555 975
439 184
222 568
723 117
728 733
208 530
287 996
440 933
537 505
918 846
923 740
188 97
427 894
820 767
288 530
336 308
100 341
302 233
453 846
474 430
438 269
924 286
599 962
980 832
252 239
103 768
133 979
501 681
321 339
764 225
379 69
345 341
952 491
259 517
138 854
959 168
854 470
32 409
377 246
712 491
507 249
631 224
833 297
562 809
804 894
165 292
410 86
773 933
47 192
198 308
255 685
863 616
759 205
890 140
829 968
212 913
134 771
704 25
374 676
527 872
40 176
98 474
507 658
918 422
992 562
735 794
849 991
386 230
794 155
38 829
46 68
943 830
470 114
684 224
280 652
651 399
598 736
841 109
179 594
776 608
258 351
940 871
64 658
945 63
488 958
953 532
270 282
58 496
663 685
672 832
550 541
750 933
310 26
438 463
375 544
615 930
195 198
470 988
394 762
403 474
396 248
557 140
421 967
778 203
260 433
513 110
211 246
536 441
720 438
979 567
855 88
860 498
8 705
794 992
744 331
891 428
732 434
68 268
996 97
237 131
332 409
104 200
13 562
251 43
235 622
952 118
886 899
298 168
797 146
503 369
621 430
52 991
803 801
365 368
772 432
39 755
995 9
198 272
722 663
810 158
830 853
435 239
701 216
574 350
870 753
890 19
88 9
626 478
473 977
511 9
278 250
88 570
690 218
763 496
144 250
640 686
308 901
610 5
153 892
413 276
736 467
103 337
883 612
168 159
558 140
316 271
979 185
379 882
949 642
16 226
699 423
681 720
719 40
220 467
188 928
319 414
547 251
935 576
974 158
386 415
101 338
157 448
177 258
529 565
93 750
306 889
955 364
30 112
569 738
642 622
462 767
356 70
783 256
507 466
678 543
163 574
555 352
727 443
263 523
860 581
590 362
186 628
740 179
782 440
109 412
401 355
852 708
172 726
670 365
982 67
568 243
685 904
520 374
407 44
674 995
326 310
739 219
969 578
696 134
57 588
705 72
647 869
139 878
925 579
982 668
717 737
724 323
942 766
857 806
967 345
805 14
678 276
597 940
767 508
254 257
273 262
3 173
442 407
524 889
491 90
47 316
614 811
18 870
144 117
92 347
273 407
883 576
44 470
366 665
386 321
463 349
266 955
853 997
12 139
288 931
883 414
493 333
747 736
225 344
941 2
174 403
894 34
785 542
756 7
690 661
443 818
551 596
608 118
382 353
718 255
21 405
34 175
44 26
274 562
690 612
38 760
95 414
285 433
937 866
440 454
907 378
655 1000
507 75
129 990
773 285
904 452
411 756
376 670
920 878
156 160
476 901
938 126
42 75
764 130
204 745
411 786
191 330
583 664
637 140
843 823
131 499
688 332
269 289
472 147
255 648
259 343
813 804
333 858
925 694
909 273
891 545
622 800
255 281
153 617
460 547
304 715
981 143
252 395
511 112
459 669
559 166
579 700
770 923
140 30
611 239
95 390
304 553
819 506
931 660
173 172
574 913
700 79
442 427
546 805
33 862
875 51
129 291
348 985
653 208
241 177
457 895
546 976
227 837
447 668
103 238
70 509
441 467
439 808
137 970
893 813
840 135
332 101
723 338
836 211
964 40
608 18
862 907
314 165
25 814
744 434
444 800
286 429
730 749
362 745
91 61
93 583
612 713
85 599
747 726
625 737
324 685
613 799
789 805
104 975
910 523
952 381
997 432
593 125
367 894
423 184
261 45
744 255
907 759
584 328
435 766
330 512
42 412
482 327
427 330
75 476
132 173
218 488
801 330
269 500
217 3
540 849
543 846
880 348
492 18
22 519
424 498
191 435
354 111
563 353
28 887
877 129
292 265
304 759
161 791
515 928
607 206
922 314
404 673
352 338
499 741
836 748
932 223
623 944
365 864
114 700
611 920
261 905
867 482
207 77
282 436
249 959
857 568
417 667
361 294
269 747
645 848
870 225
672 978
965 179
894 235
987 391
628 403
392 805
204 640
656 454
15 973
327 815
993 923
522 403
443 422
484 282
196 150
590 962
419 291
190 460
300 372
301 973
586 621
860 348
242 935
940 164
742 792
181 255
896 2
626 769
342 485
180 448
147 249
510 831
848 410
955 670
61 579
748 643
203 345
460 167
248 933
618 591
948 316
34 524
520 347
460 310
208 807
743 777
957 31
732 76
813 216
90 279
532 482
56 411
88 115
403 686
385 975
208 694
50 662
393 452
820 421
179 471
52 847
695 999
998 389
495 687
905 353
486 540
178 805
472 506
951 994
239 956
389 296
818 789
857 969
218 661
817 293
763 499
982 595
211 56
516 355
836 704
874 415
654 497
948 726
36 8
645 658
35 240
328 326
930 472
775 756
262 457
706 819
791 398
685 135
723 44
954 216
997 774
504 357
486 277
159 369
236 672
951 245
132 771
116 818
686 386
988 894
147 454
76 608
521 757
974 441
725 893
483 638
873 42
275 362
21 338
629 749
868 875
484 28
358 573
52 376
825 952
368 573
204 403
721 127
993 754
210 287
55 838
51 512
786 949
694 945
402 938
220 933
553 803
189 402
635 846
938 552
564 322
946 114
660 861
833 359
617 472
467 673
963 740
94 672
961 475
760 387
891 6
639 748
326 311
56 439
75 117
386 760
39 662
867 17
764 383
782 74
499 782
887 355
25 331
356 761
729 65
912 431
485 987
127 318
383 128
937 12
574 379
290 438
615 597
501 85
250 215
821 642
745 836
136 700
469 536
684 993
80 777
961 944
714 88
684 624
386 175
80 10
158 603
93 958
184 902
582 912
895 377
720 819
96 125
835 138
386 497
603 622
90 599
233 406
239 362
62 83
650 661
119 704
175 814
287 800
152 221
297 980
766 200
148 9
148 282
160 599
858 370
128 501
82 213
186 311
502 517
489 670
954 816
829 932
607 519
68 710
911 130
188 439
536 144
403 411
759 340
119 181
51 397
968 603
806 303
807 962
129 767
459 80
460 239
958 122
781 739
345 25
947 884
621 117
832 840
757 597
153 767
830 208
30 971
770 630
682 410
652 630
193 383
356 669
105 923
786 492
348 541
959 731
162 857
126 414
786 383
951 603
28 8
792 916
399 514
474 854
516 315
777 441
403 609
957 948
211 109
936 206
741 901
633 4
952 140
253 875
864 304
239 424
719 114
228 703
874 137
430 939
914 780
129 460
357 878
504 302
289 646
733 195
332 604
495 240
926 346
730 635
971 895
73 648
438 400
850 944
820 616
693 486
249 961
512 730
59 730
812 500
642 599
539 945
441 910
313 668
133 832
890 871
66 357
263 573
266 355
588 418
860 924
347 372
186 305
973 152
186 698
158 444
363 698
125 951
459 239
425 275
425 769
523 422
172 520
87 511
5 665
30 517
930 559
155 36
53 428
847 593
274 75
627 587
761 701
764 304
910 68
761 287
752 264
387 137
743 714
5 747
745 994
127 288
800 237
307 463
951 526
143 637
572 321
867 263
265 967
88 222
277 412
960 18
502 582
965 783
822 904
805 854
807 345
439 504
331 723
425 538
743 142
177 169
75 726
849 767
222 907
407 527
325 386
474 588
880 967
58 271
330 488
818 261
715 919
419 338
18 554
488 975
548 253
272 560
366 944
96 148
570 802
944 66
720 537
190 461
229 41
822 22
54 140
419 513
245 799
319 56
930 129
983 1
16 723
471 365
534 629
96 609
533 883
428 608
431 707
933 436
695 546
831 164
994 941
245 1
835 167
468 580
450 91
927 735
313 129
132 243
902 779
961 333
502 400
269 390
441 757
996 865
621 428
660 664
333 912
209 642
933 193
806 81
41 473
938 873
522 616
942 625
155 65
986 637
606 290
836 558
331 728
373 901
81 653
1000 945
140 362
982 737
731 803
81 283
938 651
269 987
326 148
329 176
525 234
984 372
639 156
830 663
979 187
616 799
870 928
644 759
27 710
698 529
534 139
810 867
25 425
281 87
784 74
779 321
599 576
339 310
547 253
662 158
742 72
724 963
194 722
830 503
492 979
54 78
250 558
372 421
959 1
690 638
985 886
694 158
147 457
152 113
464 195
923 972
876 932
730 43
764 837
180 310
988 669
863 531
275 474
975 897
100 77
191 150
860 698
626 181
717 202
585 161
835 131
431 340
696 827
414 514
118 488
617 479
691 576
19 191
294 71
425 244
8 428
122 854
825 379
40 989
222 485
194 346
838 659
92 785
56 295
630 273
79 533
598 243
1000 542
472 471
364 157
610 197
94 50
829 37
390 819
811 272
283 926
913 10
44 690
540 303
282 203
191 921
183 388
80 778
616 748
600 241
925 788
679 773
663 384
689 781
27 674
984 767
13 331
987 473
443 146
101 402
965 249
514 67
823 207
289 761
898 341
8 863
872 542
473 220
569 546
769 32
36 481
366 872
651 4
779 75
618 433
94 918
152 77
559 772
985 963
567 281
73 973
370 57
143 134
401 547
755 150
906 188
319 961
252 420
327 314
453 907
864 558
223 357
423 871
124 238
165 444
682 214
152 521
946 675
948 53
342 780
532 308
316 943
189 151
799 962
583 811
344 416
914 20
308 315
402 192
956 767
908 634
265 712
30 968
970 271
758 422
668 90
136 379
688 824
670 760
696 275
787 956
903 838
631 861
669 544
895 216
844 522
993 320
131 945
384 970
227 536
504 883
912 170
145 285
311 168
649 669
525 50
430 206
76 918
992 887
885 244
813 375
444 510
83 38
139 328
741 533
926 697
429 511
90 697
36 295
510 250
239 280
955 91
666 154
25 18
444 201
732 703
987 242
36 438
699 94
883 237
439 859
375 841
301 854
811 340
828 553
593 253
362 727
38 538
898 603
918 542
941 663
843 585
33 506
526 686
600 982
473 284
882 192
789 660
648 536
332 225
225 919
265 40
319 997
674 212
893 448
108 632
324 988
592 68
60 618
27 403
9 956
502 947
692 103
74 666
506 635
939 326
557 779
355 143
415 937
660 628
22 517
246 39
250 42
293 222
151 260
919 382
995 972
300 750
355 815
50 453
550 446
844 735
823 475
448 885
860 583
359 418
487 233
199 693
574 387
889 435
743 312
875 128
69 217
427 289
607 345
405 327
98 315
447 988
947 444
736 441
617 618
942 129
656 26
4 178
586 215
715 569
681 761
40 271
519 649
296 665
161 664
894 233
966 650
23 591
997 736
854 875
890 555
165 579
250 819
877 772
608 65
438 450
258 636
552 21
64 947
803 392
492 895
128 144
256 69
595 810
281 438
124 338
146 524
49 132
241 394
34 731
349 991
225 721
11 378
87 207
306 946
211 469
78 438
997 164
636 356
484 969
581 549
323 333
752 873
30 360
366 493
42 495
886 740
799 805
483 179
653 265
69 950
678 720
570 825
683 106
901 63
243 531
293 281
617 482
17 692
2 411
540 768
731 663
874 550
535 543
129 405
563 462
979 896
86 329
325 527
217 44
192 860
598 212
250 78
969 564
165 39
293 242
114 913
776 148
390 284
252 775
326 122
960 448
135 544
106 912
904 188
363 3
604 466
99 48
26 241
19 828
44 493
811 357
709 493
527 668
594 927
315 66
906 611
45 981
391 233
529 776
900 99
474 545
628 322
277 2
449 869
382 505
719 986
810 898
262 233
615 213
671 71
999 378
512 756
231 716
824 710
396 615
657 186
440 719
580 131
398 879
750 567
456 563
186 430
684 97
206 805
890 954
241 438
313 33
336 398
190 377
414 865
492 513
994 991
223 499
764 181
470 72
310 545
243 17
621 365
381 724
312 460
796 367
561 694
344 342
307 842
230 931
575 477
874 938
599 459
640 690
435 46
950 915
772 407
369 790
151 826
50 659
913 239
566 675
815 172
695 965
661 853
832 473
61 41
890 195
175 33
88 121
650 313
991 451
904 837
245 173
394 932
306 99
279 899
59 441
574 456
904 724
988 506
221 453
278 116
46 16
420 461
684 626
61 493
173 243
69 34
909 461
440 798
993 118
975 2
743 38
1 179
82 62
559 688
374 830
68 253
569 944
685 122
44 134
780 786
180 582
508 347
272 633
332 905
21 259
542 191
101 85
945 695
574 620
320 879
651 997
564 514
124 9
416 306
34 993
471 276
627 418
5 160
262 785
636 428
413 411
859 247
18 301
988 529
920 881
709 651
66 33
801 50
891 632
717 894
77 671
703 191
407 466
781 737
987 889
74 615
865 848
356 56
866 395
709 342
291 830
182 961
478 108
647 821
209 713
250 23
202 146
754 423
922 683
775 528
855 679
35 590
911 753
164 298
100 644
874 563
191 815
912 284
317 526
187 264
631 717
580 865
27 867
213 596
325 138
951 714
900 644
389 70
710 119
534 193
37 407
535 120
83 41
266 971
115 888
611 607
595 66
707 668
12 170
486 241
549 413
970 674
980 945
120 145
836 847
983 936
289 644
954 510
202 923
591 167
793 20
613 443
153 373
82 437
692 688
11 115
91 751
430 651
609 332
21 438
208 355
669 490
759 37
695 314
309 491
186 358
189 645
931 384
354 695
151 619
255 789
32 302
214 26
271 65
167 176
316 622
613 960
62 94
320 617
843 839
769 632
50 976
523 553
414 746
623 392
990 645
208 717
563 501
26 662
550 221
790 348
867 43
170 281
833 79
598 201
986 615
1 797
18 868
94 11
64 42
562 361
140 215
880 140
754 685
131 940
547 273
377 669
118 780
376 347
411 428
940 774
861 172
629 432
352 452
206 483
117 204
268 194
719 163
597 579
525 422
249 813
306 412
379 676
954 253
172 501
675 406
332 755
447 258
841 883
401 942
1 20
37 894
955 215
703 605
319 324
612 537
122 203
444 967
751 182
354 80
579 481
85 616
105 362
747 695
142 737
444 836
806 568
648 678
314 422
9 364
121 912
642 680
354 458
318 113
617 779
467 915
915 1
240 429
703 102
266 65
108 748
787 59
882 967
518 313
756 988
706 57
691 663
45 365
131 45
908 684
325 526
221 685
98 152
61 4
947 991
537 863
832 365
689 692
139 727
912 469
930 898
92 557
952 950
202 61
903 649
316 37
568 646
292 14
667 202
745 766
121 837
66 719
970 905
933 259
2 103
558 144
672 531
749 987
879 988
644 601
376 85
893 752
606 783
737 108
167 577
297 707
513 307
435 845
883 311
774 442
956 441
885 461
120 201
958 997
660 437
699 153
439 898
816 91
120 312
125 57
162 37
860 140
77 182
152 115
996 348
100 361
719 578
465 156
590 76
259 786
661 255
312 232
495 377
298 967
523 258
817 545
712 329
199 389
497 109
337 644
213 281
12 916
859 283
554 295
553 784
248 964
262 596
146 742
160 10
948 83
735 373
955 925
728 509
240 879
296 361
574 28
170 334
722 787
618 832
697 695
596 419
498 706
799 782
909 378
692 894
30 893
398 961
700 321
211 94
95 281
262 280
49 625
627 642
487 163
878 789
923 211
430 250
50 29
141 178
328 391
884 644
117 19
728 936
381 520
365 805
573 256
296 820
692 764
876 369
842 227
456 442
845 640
854 691
172 302
580 435
410 343
568 879
148 327
847 199
427 760
944 764
34 314
107 656
275 572
522 455
702 295
172 76
393 649
694 201
607 852
427 557
651 6
727 371
358 754
367 128
540 739
507 261
558 6
310 992
152 510
506 599
930 181
282 261
474 233
350 604
578 739
996 86
65 988
191 180
194 248
297 666
775 460
801 49
40 266
401 323
535 864
755 438
167 284
502 855
133 156
635 220
427 499
800 887
229 547
565 185
986 878
40 556
506 11
243 1000
389 964
943 493
1 816
718 935
847 577
443 647
833 19
523 891
178 232
30 857
434 126
315 792
459 138
886 24
520 766
545 624
382 472
809 171
262 311
949 572
710 229
253 518
714 232
917 597
700 75
370 802
650 880
654 428
785 323
268 522
59 162
386 142
297 633
541 774
325 567
412 862
966 285
511 432
663 718
979 994
214 893
548 117
508 410
606 711
646 558
222 716
225 376
525 355
529 608
903 42
941 499
447 382
267 204
270 733
396 552
129 69
150 539
245 919
711 882
859 903
257 327
846 131
443 587
214 313
159 616
575 354
509 755
312 305
792 123
295 24
99 619
530 723
697 194
881 685
399 14
935 72
43 80
81 293
446 111
360 236
327 280
260 471
501 549
411 837
673 42
88 758
490 822
185 368
797 137
217 7
18 48
846 750
406 715
800 2
126 844
903 902
26 598
597 157
283 45
526 155
13 892
532 552
917 806
919 376
502 194
131 30
540 226
784 820
317 936
746 618
799 484
840 747
678 419
184 867
762 272
196 734
785 303
309 921
951 350
629 32
41 975
465 747
374 581
306 413
272 277
236 606
862 702
520 571
63 543
942 246
709 41
803 172
931 99
514 9
565 713
930 494
24 261
633 263
372 221
854 873
582 440
770 302
21 88
798 352
582 459
401 830
206 856
115 799
358 530
560 181
50 500
45 435
708 117
568 983
380 966
592 742
864 795
648 728
472 263
709 697
651 991
418 342
499 265
298 992
778 470
820 877
630 844
134 277
584 360
270 245
727 99
238 169
100 429
40 597
545 252
449 7
506 464
955 993
335 123
339 560
138 653
658 452
660 522
520 445
260 888
946 331
875 435
782 29
625 136
207 414
819 24
363 116
610 175
667 92
889 476
966 40
913 956
697 997
544 608
451 614
172 823
556 628
989 355
511 362
828 56
297 544
481 195
55 233
58 703
888 386
927 437
510 161
718 458
258 316
41 692
832 857
552 53
10 397
249 697
270 891
881 856
418 950
625 822
276 456
137 518
358 785
764 755
300 846
33 725
803 473
905 884
418 41
71 929
662 268
177 662
382 13
627 170
789 903
132 670
629 632
393 846
42 687
30 388
200 724
180 305
494 209
333 365
682 216
925 105
928 435
477 557
307 942
968 980
608 427
555 244
891 175
99 304
544 643
711 489
656 881
289 376
882 921
221 945
920 646
338 914
796 361
655 38
313 483
616 132
959 892
509 150
636 223
618 830
892 305
387 181
99 127
562 637
94 394
653 658
467 387
918 886
105 786
715 89
256 828
207 461
367 658
763 181
321 858
30 866
131 201
961 874
869 801
607 326
503 743
785 68
490 706
682 374
900 275
574 462
425 693
814 313
317 895
429 869
892 757
850 143
2 217
573 174
317 976
430 177
155 505
552 119
103 112
487 273
35 144
572 985
745 507
227 812
46 496
58 162
586 237
646 742
953 742
736 210
582 338
619 659
794 510
499 108
851 131
983 902
675 81
949 530
642 186
534 500
43 713
719 952
62 375
693 541
894 486
366 879
519 497
833 874
279 856
673 961
840 78
402 601
555 421
989 339
843 252
603 433
896 95
388 939
426 226
337 965
691 786
910 560
656 959
6 377
530 54
268 848
17 592
180 388
518 484
42 421
479 136
741 229
51 401
379 44
750 13
40 670
379 561
665 929
725 437
227 240
692 398
969 775
894 812
678 873
381 871
648 812
227 65
230 864
692 61
606 479
170 697
350 153
460 457
799 860
430 273
350 657
105 782
930 745
477 960
43 576
834 333
360 612
895 884
566 828
454 122
112 109
256 951
810 482
245 143
87 904
377 815
641 74
980 69
601 264
496 746
577 311
836 516
529 180
178 346
992 778
790 189
738 354
278 897
762 364
895 392
420 370
922 156
390 350
634 984
719 490
452 35
36 290
757 344
558 427
870 73
790 717
537 937
837 582
712 966
876 713
755 936
336 298
391 870
750 749
590 26
917 234
115 438
650 407
963 100
836 659
848 292
591 628
515 923
765 417
414 959
806 621
275 23
316 761
959 65
7 564
13 695
51 636
142 805
878 115
38 842
742 546
673 41
525 809
761 774
826 633
494 491
905 110
155 347
288 120
556 561
5 309
320 265
709 801
377 328
176 387
535 613
592 357
222 416
593 572
740 293
743 710
699 538
250 41
530 39
312 588
901 330
731 987
456 567
681 34
809 117
350 407
740 539
445 353
47 413
344 844
454 497
700 505
302 825
683 749
444 191
928 504
46 223
193 633
691 230
306 184
895 78
431 671
741 852
888 760
540 385
102 278
819 330
163 494
95 807
310 323
211 33
41 974
612 403
172 352
980 319
761 959
620 870
107 317
591 103
884 915
466 212
415 157
823 892
702 931
295 507
595 209
885 408
827 891
409 765
998 137
362 679
200 214
333 102
688 123
371 828
48 361
513 913
341 165
168 914
209 314
764 392
690 779
485 413
507 445
324 541
199 419
972 865
954 756
169 596
464 392
781 837
967 915
684 730
935 252
605 34
959 202
234 945
860 669
165 379
298 146
173 806
692 70
605 803
386 529
424 324
99 66
959 936
959 399
398 888
881 148
984 600
965 572
409 951
584 805
784 54
339 584
322 589
245 214
18 50
636 521
361 969
657 148
226 788
783 508
752 22
311 463
739 272
334 532
620 21
639 267
126 474
342 759
311 380
874 408
620 164
197 117
643 103
990 306
442 364
406 131
444 306
562 109
383 303
204 806
139 149
104 62
337 284
410 480
374 977
806 926
773 1000
331 942
650 762
564 868
943 687
492 975
741 268
906 979
673 548
836 16
542 838
565 751
90 769
927 201
738 961
869 57
266 340
358 566
483 453
972 822
864 919
849 69
625 929
293 718
995 508
337 762
602 134
30 679
289 383
695 691
789 570
259 579
152 561
209 448
376 924
808 198
378 329
711 377
666 778
958 466
139 902
126 826
550 136
308 291
209 738
925 684
714 897
201 722
147 724
847 623
79 529
19 504
743 526
9 731
126 532
252 951
588 825
545 618
553 39
884 535
698 897
779 933
102 508
417 868
879 796
491 183
218 997
844 625
334 739
391 296
545 692
514 317
218 916
426 909
922 22
476 431
701 698
595 427
2 765
10 479
768 559
71 870
576 268
107 182
233 191
861 293
755 862
370 448
651 171
393 655
410 631
470 943
716 915
917 100
426 449
137 690
990 255
177 689
824 596
238 298
537 177
370 50
656 545
786 752
414 817
775 296
82 641
873 154
391 547
693 175
566 215
843 638
915 861
73 834
368 606
55 598
683 393
764 870
119 259
467 866
674 204
664 458
406 963
464 336
20 147
413 265
643 709
77 621
523 671
711 242
70 766
990 831
238 576
169 223
532 9
838 755
633 723
248 559
890 226
505 64
714 820
877 296
442 595
979 424
429 823
526 479
933 487
225 929
704 104
80 859
62 735
302 46
641 992
418 571
376 457
850 470
306 356
182 435
883 546
296 786
230 399
468 496
110 721
2 988
809 468
573 403
745 470
672 972
31 91
894 241
474 740
242 584
166 986
392 783
323 435
817 82
836 842
20 468
997 857
764 564
159 308
16 974
823 973
845 660
524 302
105 226
767 201
589 272
661 131
45 478
194 824
690 917
195 497
217 585
370 89
833 663
760 689
501 769
104 53
525 805
587 896
933 660
91 209
219 260
648 540
595 737
542 440
636 435
322 7
103 218
56 167
863 740
649 438
212 554
998 697
765 642
658 316
677 561
308 453
695 763
844 23
481 543
298 191
981 986
51 285
588 12
293 504
109 128
330 895
832 405
5 325
722 985
108 56
71 196
347 932
574 165
117 262
889 341
36 828
39 291
979 324
35 508
71 490
899 7
404 687
739 324
5 904
745 775
118 771
466 288
451 652
503 863
325 107
383 421
554 595
991 570
226 480
322 243
296 782
216 240
262 487
183 243
413 585
516 570
976 763
614 269
889 770
68 161
508 440
277 91
802 778
324 90
520 488
98 891
777 689
230 283
759 983
336 279
689 277
603 331
567 300
20 17
409 542
447 114
626 827
885 810
47 681
266 256
30 313
273 548
84 340
260 294
206 542
635 952
711 519
271 166
957 857
264 944
462 823
472 805
360 857
252 351
187 792
556 647
596 692
248 794
134 565
391 741
268 639
929 787
22 586
830 205
209 645
364 39
56 272
57 569
791 738
848 988
88 97
383 234
592 465
352 534
558 586
122 384
250 189
52 619
952 953
964 492
79 850
995 893
522 269
182 601
481 80
527 619
767 86
948 732
473 756
798 214
266 575
69 74
362 196
715 584
974 967
758 942
541 972
386 487
595 127
499 402
115 401
943 569
289 720
931 1
660 449
864 108
519 382
477 471
816 207
873 498
466 840
582 410
777 756
178 904
102 895
125 54
290 109
699 779
257 284
371 874
465 911
465 145
252 14
158 76
492 750
642 617
665 312
760 890
506 574
952 534
802 124
781 791
124 80
125 905
272 989
293 717
4 880
134 503
137 81
638 601
842 877
367 557
649 462
71 435
500 346
66 72
602 54
878 411
381 833
807 933
95 983
21 784
193 630
319 543
802 361
832 430
802 434
616 277
1 809
340 236
433 390
252 944
2 437
274 686
524 530
657 119
396 157
348 678
546 828
889 946
980 35
197 455
741 794
529 206
941 925
715 743
878 817
883 585
785 501
788 956
148 467
684 765
961 724
283 960
196 423
456 12
663 381
284 770
547 156
451 243
417 423
201 472
261 638
278 692
693 539
487 582
436 756
515 459
77 198
666 46
978 147
840 112
894 263
609 661
628 247
208 266
599 822
301 527
765 42
859 45
253 374
717 391
77 40
157 681
689 459
618 348
695 496
21 737
170 237
315 780
651 886
423 866
775 457
959 188
32 373
360 770
33 172
119 32
393 292
889 869
344 310
849 633
994 688
28 16
929 731
143 321
420 986
991 13
31 736
805 457
554 203
520 119
593 615
117 289
752 192
919 198
122 440
175 182
955 94
877 65
273 330
917 993
28 468
691 140
171 591
239 720
610 452
905 750
11 683
642 459
310 357
348 936
922 107
887 897
71 692
55 211
918 215
520 514
559 739
304 157
788 711
864 421
96 31
336 526
853 883
585 461
809 879
25 134
180 550
732 27
383 853
349 581
983 138
896 142
589 271
917 232
243 367
798 37
945 727
919 979
579 406
925 190
525 804
267 572
716 741
664 440
459 276
44 67
460 43
704 905
472 937
473 400
610 723
627 307
220 875
301 940
986 222
996 507
801 323
210 304
825 325
420 623
826 758
792 570
242 465
24 458
945 669
786 40
971 108
184 298
956 664
351 198
298 478
766 803
602 256
144 1000
161 974
420 845
767 532
27 37
303 912
347 980
124 331
259 86
981 285
549 121
283 765
452 732
269 770
645 874
771 64
993 464
559 417
317 775
652 888
589 798
845 756
150 254
335 182
671 840
712 695
819 765
953 691
291 52
185 537
256 194
452 626
894 342
875 818
201 263
77 428
386 435
886 66
437 104
777 735
116 805
889 478
393 710
250 943
806 850
988 913
20 931
628 184
299 156
797 693
751 178
437 6
20 18
593 176
587 969
638 832
52 355
381 489
609 590
630 976
528 729
393 49
446 836
177 986
531 759
824 363
716 265
453 957
789 691
518 19
194 63
968 522
601 754
392 70
302 713
393 275
89 188
472 820
532 378
687 734
643 540
514 353
238 910
919 443
78 887
635 118
221 681
499 827
784 629
771 369
245 212
725 218
448 122
986 758
679 569
258 247
80 985
433 379
27 738
623 876
573 135
97 182
407 843
874 390
966 446
804 429
903 427
589 770
92 510
10 569
304 322
451 393
676 118
199 51
233 193
324 40
91 303
786 128
779 468
376 823
492 305
353 976
132 778
962 553
157 329
216 955
323 97
984 805
237 539
828 429
894 986
223 728
495 423
564 644
11 268
582 581
622 502
571 199
879 13
129 857
557 377
394 367
507 490
329 990
898 655
759 728
66 423
734 782
833 463
651 730
824 246
221 890
721 274
26 888
463 685
318 224
636 107
731 678
532 286
773 84
486 194
246 326
565 210
625 79
700 639
493 791
791 656
886 790
352 205
834 245
528 936
947 910
303 205
113 268
274 104
297 69
722 926
959 607
943 442
607 105
312 518
669 598
141 93
325 768
537 936
921 521
728 61
308 865
793 711
26 222
62 688
926 933
504 204
840 550
605 378
145 912
547 131
148 621
558 176
481 236
581 241
503 951
822 741
295 607
794 74
35 98
951 189
183 170
86 706
16 853
789 198
922 345
944 433
656 261
180 579
141 707
769 58
488 812
760 953
667 647
228 887
524 260
929 444
432 884
694 124
399 272
699 790
846 171
31 761
90 227
487 807
882 327
664 46
722 284
263 470
108 899
755 156
648 610
759 700
831 19
820 800
787 409
574 883
497 13
78 610
729 952
281 828
29 166
360 771
288 344
346 858
52 737
590 505
132 177
778 719
925 364
375 469
434 393
416 900
294 101
649 122
557 801
65 99
359 577
71 77
273 926
244 647
117 703
752 980
891 936
305 525
269 170
231 486
952 788
615 12
136 353
601 115
175 192
450 577
986 575
398 929
174 904
359 5
895 87
255 244
131 964
430 455
701 875
315 16
600 322
916 825
822 705
568 928
533 914
384 407
331 778
297 654
169 468
358 33
16 802
316 191
715 992
888 44
555 468
686 569
287 892
989 370
537 113
993 887
830 932
532 743
273 986
10 893
169 756
509 798
438 282
959 364
873 235
354 688
526 688
886 153
587 898
94 662
419 840
281 879
284 346
602 205
454 526
972 975
649 436
99 333
483 234
375 8
964 635
17 706
324 986
105 931
265 204
53 10
750 159
682 71
522 748
359 613
431 104
198 301
594 584
136 398
283 33
274 356
347 934
883 656
653 808
609 941
469 391
531 372
382 952
15 487
991 262
889 452
579 640
641 849
749 720
456 649
511 237
813 691
541 708
982 958
931 696
235 231
520 961
697 31
103 36
434 723
733 493
182 413
898 104
572 45
566 858
940 713
278 928
68 284
234 36
895 425
905 440
326 988
38 234
278 787
927 98
231 849
252 527
93 784
258 711
391 929
620 519
71 953
3 681
104 742
495 174
840 58
55 325
885 534
618 499
580 615
802 234
971 737
972 702
159 803
206 834
134 239
713 622
693 768
551 890
238 83
384 814
385 539
206 749
66 320
802 460
640 31
74 887
660 978
661 391
569 120
959 102
138 964
485 491
198 732
713 840
699 685
367 523
338 918
155 651
962 57
502 870
804 820
222 353
612 41
463 633
374 172
393 355
126 797
716 718
311 693
791 655
354 152
949 764
892 408
433 485
227 491
304 828
13 156
80 304
716 51
187 617
723 523
724 304
688 966
840 813
967 364
184 549
701 64
408 665
80 277
415 318
700 408
60 63
140 812
686 213
670 980
784 931
906 849
36 48
992 838
370 870
131 796
508 760
401 130
317 682
569 813
328 221
572 928
370 584
166 913
765 718
563 735
413 988
31 29
470 535
396 654
681 616
22 304
194 557
451 166
604 96
56 694
720 621
828 632
577 824
941 311
329 477
345 728
950 15
807 402
384 144
391 683
749 491
513 65
17 434
699 890
459 497
372 578
800 531
546 11
214 357
346 526
683 430
48 743
312 92
114 408
521 296
425 451
48 630
124 193
548 803
165 385
901 29
482 263
160 15
859 399
971 201
477 512
259 725
21 798
170 440
577 125
251 191
643 635
692 893
994 285
351 136
700 751
574 144
631 961
283 489
875 403
514 615
491 394
532 748
239 984
520 44
155 211
40 113
227 741
447 828
875 177
162 956
658 857
168 213
857 960
790 507
157 887
347 975
658 1000
164 97
587 219
187 448
885 25
443 58
739 449
64 309
429 3
714 467
550 565
712 152
867 691
488 592
430 919
45 486
495 887
297 802
797 937
135 198
145 423
309 767
609 457
947 140
310 785
518 202
253 18
399 482
92 144
174 497
871 629
803 326
987 229
677 848
731 248
215 971
459 413
612 685
850 742
950 332
158 313
570 153
565 869
437 494
775 276
574 737
580 874
172 909
161 484
695 611
856 396
460 144
639 938
431 369
590 510
368 557
27 396
237 467
790 811
795 899
652 776
749 56
460 453
124 77
657 823
217 200
202 156
494 668
464 927
672 404
325 850
74 466
383 172
166 386
279 97
227 688
212 68
639 383
53 788
681 91
277 384
399 925
442 432
25 328
667 137
463 26
934 995
624 234
275 784
689 802
796 578
638 287
107 341
624 377
348 89
934 752
280 809
499 479
301 173
63 473
453 498
606 712
148 352
850 134
228 566
409 884
949 626
687 504
219 861
58 85
244 312
323 939
471 99
309 324
536 312
699 196
186 497
618 412
620 706
748 556
436 889
777 899
315 588
246 848
889 679
711 766
214 306
750 352
660 72
399 228
846 823
190 315
545 280
256 269
440 90
591 737
904 489
868 954
105 402
59 43
156 220
423 768
597 469
658 315
915 88
882 989
440 184
385 841
262 529
229 578
329 576
57 945
521 66
460 410
299 540
265 668
303 188
655 395
680 360
787 771
577 171
649 230
916 582
821 544
535 726
994 436
207 385
946 307
819 3
16 308
882 609
313 874
580 828
924 350
28 395
856 60
591 57
456 650
258 128
667 228
351 631
27 837
843 487
292 103
899 409
345 784
965 920
991 948
758 833
637 624
720 868
831 688
832 882
12 324
505 526
676 793
756 209
352 151
564 908
746 43
175 889
732 74
254 770
405 772
998 141
458 65
68 66
361 216
414 82
902 455
445 680
640 242
110 300
312 355
404 435
63 222
212 772
60 944
775 365
483 299
614 896
214 201
342 498
894 575
642 674
916 325
510 804
665 579
116 667
725 563
798 801
584 365
214 56
878 19
520 69
740 16
83 879
815 550
191 344
124 840
662 593
717 768
756 986
924 254
139 926
564 149
639 755
70 682
473 140
757 612
591 904
173 691
890 327
265 696
782 119
346 565
79 569
174 743
872 755
368 180
791 876
210 587
255 425
335 449
396 221
446 938
430 47
947 195
131 53
221 506
645 520
406 20
187 423
633 91
120 898
372 553
857 611
615 622
352 85
211 410
121 879
713 124
970 661
699 433
331 981
408 342
851 234
814 994
287 814
763 822
638 166
289 725
568 116
736 186
21 22
719 931
352 179
943 683
124 687
767 919
399 393
76 522
298 540
742 211
893 93
710 637
380 880
936 392
937 995
864 845
538 642
135 272
855 385
363 975
324 351
769 510
299 11
671 499
427 69
125 789
623 10
557 392
155 584
502 673
525 874
321 624
364 578
9 3
446 40
587 995
920 651
670 347
825 986
655 45
666 790
155 263
404 613
527 392
579 323
971 89
424 292
478 123
454 755
673 311
857 18
35 714
346 521
494 641
575 696
766 889
344 234
701 242
4 326
577 12
80 740
598 378
451 811
748 51
396 152
363 87
199 741
539 72
903 747
631 742
745 819
887 664
122 274
460 870
67 1000
399 809
537 712
538 179
504 61
363 695
254 489
71 717
572 982
809 508
24 676
758 905
373 421
448 516
168 387
188 606
763 978
250 771
586 889
326 692
475 234
24 322
557 40
927 202
435 988
756 440
258 575
962 955
427 45
673 949
266 485
705 699
586 682
237 910
314 489
688 150
641 513
656 948
241 292
702 443
26 952
764 208
730 928
289 174
143 63
825 76
916 381
989 833
984 664
462 253
289 287
454 947
972 52
617 419
48 994
125 652
790 808
250 667
804 988
71 79
847 990
761 537
522 601
523 736
283 71
752 372
456 945
718 937
221 751
577 127
248 563
908 961
164 337
438 656
919 195
796 782
374 294
175 179
622 520
200 102
515 898
421 735
114 803
44 654
438 95
49 736
895 585
568 580
660 841
79 900
386 442
67 964
126 353
399 781
684 589
689 801
546 682
654 545
362 27
606 830
989 174
844 887
684 732
427 589
785 615
555 841
24 303
941 92
428 49
159 163
149 121
333 236
889 580
747 418
824 645
99 947
81 236
358 656
548 416
162 103
332 827
195 501
521 389
777 787
488 408
501 240
199 442
332 610
792 659
557 464
704 908
138 814
74 928
681 183
200 891
995 312
62 65
544 704
998 701
699 752
204 178
167 318
904 200
262 534
565 636
588 8
512 376
406 717
833 215
227 96
910 77
658 474
805 281
98 143
711 99
456 941
75 133
279 23
942 717
195 795
984 67
549 968
691 124
966 198
457 86
19 699
424 169
334 684
45 711
282 11
247 670
191 985
380 968
255 234
184 873
538 376
666 437
219 956
351 647
45 856
838 159
732 950
365 999
166 792
905 920
11 857
244 127
101 466
338 4
526 472
488 937
197 847
453 469
918 865
872 975
671 107
272 553
310 17
208 439
28 390
923 842
937 902
225 632
103 635
959 386
356 85
746 349
837 546
259 844
444 153
66 350
877 732
751 925
920 769
753 470
155 540
195 271
199 650
592 905
648 907
460 217
688 162
262 611
208 912
214 971
169 889
99 504
908 724
618 964
354 635
34 629
177 517
331 221
316 879
449 138
13 777
694 840
754 407
131 322
645 583
902 701
90 413
765 885
936 307
585 891
957 67
207 356
377 73
986 757
683 473
791 988
478 329
634 35
946 167
126 479
201 996
737 810
611 849
773 578
353 33
904 655
981 431
733 350
124 859
123 776
8 372
535 185
991 939
244 44
889 177
504 401
286 457
296 637
745 402
871 214
751 396
901 933
629 800
352 180
257 846
320 539
68 16
529 546
159 379
822 425
381 55
918 5
15 19
295 363
176 241
964 106
512 379
451 57
823 817
555 447
404 481
896 73
272 819
719 625
66 307
484 6
713 520
18 430
327 696
376 758
342 31
290 698
848 112
761 945
956 258
389 166
411 658
730 124
734 924
76 771
744 944
318 231
288 54
146 44
113 39
701 446
424 662
354 203
328 202
191 460
854 132
639 662
951 826
648 720
626 287
735 131
777 487
83 616
49 904
268 750
86 365
551 301
331 342
723 696
649 829
246 103
160 782
47 114
529 279
951 25
550 111
753 881
862 173
139 744
951 556
433 267
14 280
809 176
459 635
192 94
378 889
310 426
1 632
239 696
790 312
738 233
921 447
135 909
27 780
546 788
598 581
729 410
35 265
291 147
188 889
481 225
620 788
953 895
715 616
883 506
365 943
444 578
796 751
215 258
187 916
954 275
115 789
81 997
580 457
260 200
860 73
510 342
920 270
538 965
186 4
822 451
148 172
978 143
337 29
11 220
306 784
788 508
527 138
774 187
926 6
565 718
267 903
845 78
114 216
3 897
958 951
498 335
176 507
587 923
162 765
756 718
340 781
156 260
325 969
199 358
386 866
5 57
134 471
43 463
750 23
919 542
544 276
472 239
874 841
901 128
425 223
977 538
302 631
375 327
820 496
520 492
98 232
1000 724
238 739
126 682
986 907
94 132
518 538
423 674
725 46
820 278
937 86
22 848
524 562
467 131
917 193
577 671
566 929
93 325
447 850
563 93
122 311
654 260
328 860
327 888
477 87
261 922
123 375
819 372
100 749
534 438
479 959
912 65
20 710
934 758
867 721
345 971
336 514
888 47
390 483
121 576
802 995
654 832
90 561
141 659
595 168
580 188
410 596
651 983
841 808
699 198
438 366
78 129
742 152
923 798
299 763
584 6
693 492
355 621
372 533
964 305
807 293
573 963
47 656
413 454
750 465
225 942
464 418
764 245
693 63
486 988
846 983
672 650
56 784
808 726
43 887
389 783
820 37
735 330
863 385
223 102
536 515
886 466
773 826
922 612
705 924
338 671
446 594
656 523
606 223
459 690
957 431
947 233
416 623
992 974
224 440
742 765
211 162
741 847
411 420
839 988
878 770
112 365
3 238
921 375
885 46
419 783
140 45
328 341
165 590
356 181
758 839
50 830
803 196
629 218
727 637
763 812
720 757
67 631
963 411
897 57
736 15
366 958
42 912
833 955
69 45
929 392
323 905
140 625
966 309
828 401
519 55
778 255
233 916
938 505
167 921
704 715
962 483
673 892
159 565
973 33
800 856
546 85
25 399
128 294
256 491
151 730
796 378
68 512
821 78
643 866
825 139
494 286
939 255
708 542
30 732
714 693
899 541
900 226
151 952
668 326
230 851
913 558
87 522
74 679
848 834
77 560
118 645
246 489
377 366
226 162
14 483
696 246
237 298
458 169
913 594
411 196
711 70
344 16
130 663
279 58
709 545
543 391
982 767
862 65
902 618
421 261
334 542
460 749
836 676
670 840
620 19
61 367
407 839
598 574
876 308
398 702
771 160
244 190
232 862
656 224
838 248
72 999
269 691
343 288
935 790
963 421
409 343
488 631
699 435
97 261
617 734
84 517
100 912
162 347
864 97
194 727
96 219
944 393
304 40
73 761
236 863
720 670
558 340
707 890
881 947
661 85
908 578
812 39
172 134
465 148
388 718
785 985
128 484
772 949
657 838
385 459
942 923
851 552
873 160
894 437
988 663
256 344
954 803
263 639
469 462
63 466
123 175
659 187
553 822
682 248
574 810
441 686
668 315
781 756
562 485
234 927
554 446
791 575
958 468
156 118
431 444
549 761
622 929
201 587
593 749
978 885
653 651
416 858
934 188
80 599
890 200
261 717
655 370
507 520
218 717
844 649
80 742
687 77
523 932
353 325
896 942
166 500
499 569
83 310
999 892
247 763
783 591
953 924
201 903
115 585
64 409
123 934
36 87
663 410
461 734
540 455
409 67
693 979
235 305
920 14
760 368
746 847
158 721
620 932
641 297
714 289
1 138
555 879
847 207
335 795
229 292
429 290
693 757
550 778
111 832
987 19
618 20
621 883
286 196
290 27
129 159
349 636
336 468
712 110
60 907
3 896
868 818
480 979
890 854
707 116
588 433
536 108
576 181
649 307
246 533
427 205
981 750
912 939
855 133
512 21
878 94
806 459
130 872
517 780
81 391
574 887
777 215
446 458
138 923
86 61
696 752
604 570
454 945
551 29
887 133
134 615
284 16
636 713
568 155
273 769
401 212
661 670
540 833
720 446
651 850
715 237
378 73
674 650
587 439
771 316
331 373
739 112
347 324
390 890
464 914
283 502
19 560
807 571
847 766
591 745
128 667
995 464
769 643
178 115
89 692
397 211
329 229
183 710
554 982
705 322
245 57
710 221
969 469
474 861
405 297
889 14
257 866
719 214
666 462
315 20
562 47
121 357
589 710
92 418
111 646
310 38
663 303
791 346
211 340
894 251
358 131
201 366
976 676
31 470
107 628
742 517
756 111
149 135
557 10
462 502
51 905
693 634
320 934
686 449
12 948
586 637
113 721
817 391
110 134
204 383
223 429
726 476
872 447
218 47
687 492
897 408
286 624
518 40
646 253
816 712
342 68
939 146
872 852
657 613
986 842
991 223
703 299
852 631
682 134
982 502
89 69
624 473
354 99
134 877
728 300
356 725
741 595
386 806
542 540
781 367
71 339
511 24
133 810
667 72
874 540
981 280
359 468
575 976
925 801
654 481
309 880
177 166
710 72
322 905
469 854
861 212
178 898
239 608
224 135
408 462
301 125
709 384
694 508
129 436
684 706
164 625
250 726
487 679
110 614
760 23
814 820
12 470
215 313
452 157
107 601
591 130
777 706
405 769
519 653
335 576
633 608
177 354
591 307
370 149
465 175
342 279
489 289
769 407
94 852
321 906
308 219
974 331
542 15
702 497
964 421
609 946
405 709
247 396
877 789
940 94
436 237
574 783
920 690
191 325
288 338
169 895
207 723
545 244
14 113
207 576
905 284
355 213
227 288
450 739
17 460
284 278
942 636
544 59
914 229
80 532
882 461
499 943
942 751
264 498
397 138
168 110
429 889
642 362
330 206
889 85
373 172
784 935
54 537
535 74
828 892
830 642
214 979
654 620
325 474
435 694
58 327
611 561
957 517
743 52
763 858
659 947
571 143
510 169
37 551
849 609
672 258
427 663
963 489
453 439
167 713
873 500
182 14
343 133
704 522
523 852
466 981
750 573
16 524
351 274
916 151
755 105
719 706
635 655
392 555
689 106
87 116
234 472
487 830
750 378
627 35
439 699
208 179
314 509
377 860
