810 1935
309 736
238 115
505 181
145 784
221 655
387 664
487 283
113 84
478 145
427 628
465 140
129 482
570 351
183 192
222 464
810 545
677 260
219 545
474 148
722 5
476 431
283 592
765 161
490 116
50 387
115 731
65 147
193 393
16 398
458 354
491 23
515 702
679 499
700 47
560 308
804 93
373 572
227 641
483 84
278 732
387 465
777 390
634 761
265 378
16 389
307 211
498 666
717 704
752 692
153 272
234 429
325 423
534 165
298 219
653 297
586 323
531 446
626 439
384 310
332 724
49 800
21 48
584 132
92 318
572 459
275 701
789 758
498 398
703 80
748 132
158 479
553 498
220 154
662 557
168 485
26 274
77 400
539 80
357 725
340 485
692 626
272 13
139 332
469 793
255 413
541 31
706 651
409 569
395 55
155 509
249 394
543 267
158 303
325 549
734 643
114 91
613 440
461 454
28 267
778 431
313 416
494 794
460 734
449 32
214 650
59 468
665 753
372 194
691 155
13 443
606 607
574 211
747 80
512 251
610 722
55 380
493 633
613 306
282 681
409 666
498 10
668 357
325 300
750 401
535 418
222 700
286 708
404 535
667 340
226 489
727 779
587 93
719 786
425 287
342 369
14 348
72 483
364 788
687 704
66 631
124 463
217 603
183 155
494 610
332 329
98 324
201 212
235 229
167 647
424 511
478 54
206 524
237 575
292 640
314 184
712 256
529 477
328 191
294 34
77 690
743 785
155 296
14 157
698 405
668 573
119 349
784 257
487 574
166 162
681 452
810 151
496 526
747 71
585 379
548 451
236 704
384 627
187 12
81 513
120 548
174 443
655 520
159 98
288 452
1 320
131 709
796 721
49 124
252 10
15 213
793 538
531 756
552 175
443 437
549 571
585 662
221 791
411 803
212 507
88 9
141 326
694 57
734 384
187 114
80 328
391 4
158 234
234 628
55 614
755 347
574 701
635 484
747 632
451 71
492 310
670 96
149 276
153 555
482 380
119 568
103 166
566 432
269 528
787 69
112 182
556 49
683 699
373 49
217 106
182 601
149 59
648 289
118 186
728 410
278 426
674 349
221 724
55 797
194 419
733 559
754 171
511 63
499 195
598 461
474 9
43 731
709 321
603 649
474 786
699 577
480 793
160 285
658 528
255 461
386 770
319 202
378 335
585 643
456 578
594 805
371 525
191 12
747 321
750 277
383 565
173 673
372 759
377 177
310 549
259 565
595 303
406 361
657 237
2 442
61 722
333 589
281 157
601 440
69 807
548 46
288 487
201 349
46 162
595 547
158 781
53 52
481 688
580 663
329 484
536 630
403 394
757 39
280 511
389 163
652 460
569 63
2 437
668 309
797 215
609 65
511 42
616 578
525 184
412 599
112 289
703 429
558 655
521 21
392 305
229 385
145 114
354 511
280 454
797 63
431 353
434 80
550 98
146 403
330 1
702 595
719 723
263 505
724 337
243 257
805 587
3 10
49 760
805 129
518 396
299 270
640 462
703 504
428 701
233 389
604 550
128 535
759 287
337 487
427 511
195 20
190 579
402 742
241 342
667 639
736 732
638 198
713 237
700 523
652 307
177 149
400 771
469 763
368 317
105 722
76 264
321 123
23 528
193 87
782 754
715 246
572 130
648 616
517 202
487 425
110 401
777 213
615 376
145 569
439 187
412 632
596 305
84 13
284 18
18 194
662 684
185 24
367 768
204 678
64 113
66 643
69 224
508 269
580 329
377 292
128 589
809 572
650 283
27 491
154 145
781 329
660 208
458 126
99 429
156 60
393 342
306 58
755 195
520 657
614 684
391 521
126 594
381 445
697 804
333 239
406 208
697 47
435 576
681 165
448 444
494 680
208 359
479 645
121 670
359 346
433 552
540 438
550 469
637 3
487 701
624 461
594 672
83 477
530 718
487 71
482 692
265 83
254 571
276 138
789 345
409 445
725 642
409 665
104 799
729 186
604 513
73 516
102 460
183 475
521 568
298 402
796 339
203 345
325 208
662 250
118 324
445 44
671 439
180 498
454 186
153 331
101 714
129 271
810 654
541 120
449 605
339 170
795 500
746 364
259 272
759 742
633 259
523 236
392 378
601 362
361 64
220 10
292 562
282 447
659 726
581 773
394 522
586 621
365 229
574 316
625 35
524 30
689 364
582 300
396 92
325 194
414 728
327 738
705 300
528 291
506 60
716 274
718 143
171 312
408 22
450 407
623 632
129 281
58 55
433 504
252 321
757 748
337 303
246 355
281 532
761 602
779 417
620 176
694 284
416 803
754 353
440 116
154 266
617 485
358 111
162 135
511 765
21 149
60 176
279 150
229 173
127 788
126 465
207 362
616 314
771 522
773 327
424 469
116 736
779 608
409 717
670 682
413 674
571 367
588 791
337 392
299 804
809 668
259 767
310 116
149 501
649 508
562 408
46 249
364 594
128 304
221 109
98 773
120 309
358 723
489 384
235 337
146 428
711 305
300 787
642 623
468 227
509 116
456 96
248 664
550 239
681 295
590 363
802 167
103 70
119 151
249 236
480 580
389 193
425 376
658 672
273 808
510 117
20 88
620 5
308 294
521 773
631 493
631 88
337 164
338 298
525 22
727 499
620 148
396 539
454 710
680 406
438 614
258 596
480 748
528 377
176 672
69 480
305 471
600 369
701 678
689 723
305 157
163 11
686 181
249 482
175 261
90 185
326 302
509 689
93 156
250 425
715 90
96 649
703 501
397 34
330 586
189 277
317 694
548 86
548 483
792 21
708 419
307 116
21 591
226 425
393 789
451 43
704 649
140 259
627 51
420 19
125 529
538 87
778 19
417 422
594 158
78 55
354 773
152 185
193 568
251 577
674 179
655 471
148 628
535 104
560 604
351 731
711 465
396 330
223 139
633 688
282 353
123 47
755 239
423 63
390 507
748 438
289 756
537 555
744 139
157 437
215 227
591 324
149 209
232 377
197 234
236 443
746 151
720 792
90 544
308 212
346 636
537 103
11 776
303 14
783 719
113 594
611 57
249 61
118 27
465 93
474 616
420 748
650 480
584 569
255 492
48 156
391 531
802 406
101 361
71 550
520 127
774 286
634 133
489 344
716 470
224 86
596 313
284 701
254 555
124 614
453 73
150 123
309 325
243 564
337 433
523 422
782 543
331 508
8 607
355 63
615 510
196 566
638 805
52 392
275 427
295 457
115 296
461 801
357 709
285 30
110 109
776 104
152 770
378 429
30 807
128 604
771 697
114 620
335 542
764 80
191 752
787 582
55 81
441 485
351 527
639 685
322 152
73 722
456 166
190 140
247 784
513 250
229 32
253 783
418 804
761 257
80 357
651 616
414 797
207 164
523 690
672 232
502 353
583 770
172 613
809 276
704 110
103 36
431 230
685 266
74 551
680 150
441 390
387 405
120 67
657 55
632 580
277 430
646 420
743 303
530 133
269 227
509 405
102 268
46 521
341 365
643 463
120 550
262 33
743 13
87 387
551 48
792 44
464 109
580 510
782 252
535 540
205 804
488 236
578 97
566 737
344 407
58 115
235 258
208 428
321 310
303 386
697 518
592 578
428 304
547 359
587 211
219 93
52 363
590 589
368 512
135 125
128 314
479 368
653 134
747 634
314 806
776 559
749 127
513 396
609 59
340 647
375 736
781 605
530 658
182 607
310 117
228 19
418 42
800 210
407 12
209 781
321 256
770 125
452 371
300 345
49 577
564 235
292 11
596 507
592 719
666 173
390 293
716 672
554 80
257 112
168 565
45 806
247 613
50 252
14 547
623 558
808 16
96 183
774 392
759 772
479 658
671 210
182 484
413 254
416 243
806 256
790 231
342 319
459 497
746 435
107 93
770 736
742 122
781 107
233 685
783 310
201 97
232 286
481 415
561 338
67 537
433 695
58 316
259 168
687 40
140 810
787 203
256 348
645 169
645 612
724 260
780 187
710 735
147 34
187 459
431 145
414 187
86 505
193 260
582 692
568 131
622 623
185 591
721 525
496 371
65 159
303 141
605 797
719 320
483 524
47 121
204 463
48 430
21 140
509 721
434 633
529 639
308 316
375 626
1 482
219 571
404 20
649 809
173 539
232 702
511 574
90 482
658 525
118 500
542 378
641 354
655 578
368 407
683 663
209 246
445 809
805 381
437 601
543 686
450 107
567 73
357 735
243 544
190 690
485 547
785 485
750 17
407 488
691 677
342 475
518 762
451 684
677 784
615 440
273 480
325 28
272 621
511 289
280 802
728 421
449 657
692 637
349 729
302 491
784 550
40 737
452 193
131 129
81 545
743 548
282 456
345 194
326 191
296 425
227 518
40 70
787 245
697 810
555 170
498 642
351 191
238 100
527 552
228 735
100 148
230 624
19 573
349 265
704 312
133 242
302 539
391 755
68 780
752 442
335 755
295 239
427 720
322 348
328 470
577 631
257 433
740 237
117 649
650 245
696 779
516 107
331 507
226 19
629 17
73 503
93 289
347 618
575 386
794 618
187 795
783 524
722 504
597 313
119 797
800 594
306 189
734 368
474 209
422 401
634 473
336 785
467 300
415 3
662 437
442 626
630 371
578 509
234 77
74 652
661 259
495 747
573 556
7 458
744 796
387 246
673 539
122 3
492 294
125 22
200 211
285 632
777 248
300 732
116 582
501 109
412 5
503 563
217 560
90 411
792 411
261 365
465 383
4 47
558 790
616 206
637 338
705 467
242 725
55 324
629 52
540 94
444 400
669 638
670 372
505 115
732 803
325 371
53 286
53 713
168 434
13 75
732 287
400 16
260 239
481 91
373 221
265 252
631 440
797 534
528 427
25 794
118 388
394 225
584 221
508 7
37 520
421 286
521 237
655 126
270 797
592 325
421 37
106 761
273 246
479 638
647 573
669 474
436 83
49 18
209 651
9 526
216 636
380 778
515 20
698 284
666 392
558 737
26 107
742 621
502 710
212 421
322 120
362 668
183 612
311 30
539 244
82 271
780 624
694 453
179 696
112 629
203 630
722 319
704 734
410 51
411 278
224 6
739 512
25 518
369 91
768 788
458 44
725 772
686 506
734 551
629 756
647 576
429 675
800 398
775 575
299 623
67 305
391 584
359 695
389 182
650 724
641 482
218 597
157 789
54 647
111 452
593 461
139 135
747 170
252 382
324 787
627 666
172 453
670 17
564 105
766 485
800 79
420 461
684 626
499 332
406 168
283 607
180 750
552 601
242 300
73 189
531 378
434 410
537 481
385 28
539 517
402 380
163 332
736 79
739 202
351 293
142 181
492 74
778 328
707 418
484 220
694 684
606 265
770 94
735 464
643 777
248 66
498 408
159 629
507 764
675 344
445 584
524 32
319 526
306 301
437 607
439 772
353 269
170 717
651 60
432 699
3 442
445 720
691 456
710 338
294 96
105 292
802 386
586 471
294 302
153 765
338 268
104 108
768 669
328 266
171 379
226 441
728 246
767 513
92 613
27 569
788 572
21 203
484 491
106 421
127 585
790 204
386 30
425 406
244 299
673 613
543 662
749 448
544 242
566 646
111 368
251 117
182 762
203 675
537 332
79 221
264 114
645 545
197 279
147 360
448 366
142 230
805 366
148 201
466 459
547 462
715 113
661 21
299 188
263 743
447 460
587 59
521 198
123 635
14 766
415 164
366 103
284 614
137 395
637 432
138 737
303 169
804 415
73 147
510 333
60 773
305 573
565 439
661 30
251 61
526 2
367 601
766 724
539 511
376 340
486 809
13 439
264 327
716 736
454 267
792 240
596 32
250 43
147 523
539 726
560 134
512 313
164 334
612 762
77 439
140 755
114 73
739 29
595 256
650 672
499 202
691 350
767 487
676 199
607 18
717 457
744 579
694 406
750 164
18 37
691 310
808 79
222 428
8 685
152 786
54 102
402 422
70 558
402 108
523 604
338 4
665 149
690 183
200 76
219 184
594 100
638 574
435 673
610 337
612 93
25 477
742 712
341 161
472 763
519 69
245 683
284 666
564 143
656 408
2 806
25 255
775 364
50 209
168 721
7 535
746 162
472 509
382 21
187 594
459 713
35 518
252 768
3 36
295 162
431 610
681 636
385 175
115 216
714 271
712 347
637 369
729 115
142 326
425 383
503 210
285 795
604 178
370 24
776 672
174 97
799 561
266 431
605 482
56 706
806 557
239 676
489 591
222 392
116 320
81 373
568 438
113 529
52 638
695 354
235 360
630 626
502 572
514 442
400 433
125 774
437 399
82 558
763 204
393 508
36 620
329 510
473 705
528 401
712 472
347 120
478 765
594 271
396 304
594 801
559 685
670 47
147 174
371 482
619 184
142 168
555 551
22 119
118 748
491 407
271 134
792 343
314 362
598 352
342 674
37 555
798 406
583 133
510 292
572 807
139 100
412 286
180 437
533 513
170 143
12 48
567 493
165 392
39 525
393 309
557 234
611 297
115 323
172 216
267 83
87 548
517 69
613 748
70 793
496 595
261 93
586 593
128 89
493 409
683 515
151 610
711 362
107 181
17 205
236 471
124 350
477 390
410 20
212 739
138 714
233 757
163 734
360 186
650 667
583 630
251 316
734 315
651 455
262 92
210 293
74 261
342 580
384 575
756 296
560 558
68 810
38 582
350 161
68 697
566 541
309 779
193 566
623 597
591 700
200 184
158 473
418 772
83 806
442 104
803 734
660 654
184 163
222 319
479 404
563 481
648 697
404 181
795 719
618 25
13 284
474 305
628 82
516 15
147 612
296 106
290 270
516 158
759 15
351 541
800 441
472 560
163 757
651 213
269 160
259 470
542 692
409 88
637 405
736 261
717 477
310 646
259 103
621 460
138 280
711 656
11 676
527 249
182 399
239 586
594 16
483 595
565 108
644 519
209 71
281 594
374 255
49 164
431 561
92 657
750 108
167 652
109 787
517 662
449 361
196 358
255 398
2 382
165 557
498 7
282 158
766 467
767 291
753 78
751 719
477 582
521 64
104 620
527 94
434 315
217 185
291 670
10 695
318 68
800 136
622 715
296 183
296 780
445 266
436 134
167 604
225 734
82 705
726 35
518 138
350 296
44 184
445 33
730 337
603 783
89 514
520 139
156 382
767 14
770 555
262 472
12 247
325 392
364 776
496 293
408 647
247 221
314 106
195 178
589 787
248 19
321 790
656 735
417 77
254 41
334 63
387 594
28 411
125 783
462 444
619 648
567 577
565 354
441 801
649 722
335 590
710 496
656 780
732 498
172 742
708 560
178 615
179 249
322 241
193 98
176 299
750 261
555 674
662 154
403 699
476 163
340 275
275 390
655 163
368 182
725 230
266 477
715 400
534 121
4 499
300 167
376 272
149 17
386 408
371 74
710 36
565 372
180 620
644 101
706 298
394 603
696 364
452 89
557 694
105 180
182 239
721 543
41 701
323 154
716 104
534 483
575 295
600 230
356 623
126 669
575 351
81 154
654 61
417 693
125 636
473 459
138 456
208 291
762 579
562 676
324 140
363 532
767 759
41 678
462 715
581 36
382 643
188 328
83 610
671 55
33 42
783 750
373 288
346 265
441 251
226 217
707 701
470 693
89 343
679 149
76 481
355 682
241 311
645 150
371 490
249 343
358 361
642 489
329 34
2 693
521 643
521 342
650 178
483 520
690 477
341 272
699 707
386 346
351 476
557 673
86 155
362 77
717 400
634 68
725 304
618 154
489 665
772 586
351 242
332 418
372 766
514 311
109 497
5 54
668 410
747 592
681 212
519 659
352 115
426 10
101 408
434 617
787 544
421 290
578 58
392 793
209 581
375 368
251 795
208 481
797 599
89 392
409 68
528 553
746 240
143 540
370 220
705 668
707 231
325 675
26 282
139 630
450 672
753 57
609 141
221 660
333 667
596 125
304 704
214 776
803 368
768 318
201 147
699 380
736 231
38 3
593 771
429 766
528 718
378 659
87 562
435 456
497 169
322 636
409 792
692 736
766 653
714 272
24 449
423 459
246 810
88 94
69 4
803 377
262 405
444 616
377 717
657 106
571 191
611 686
98 442
43 656
525 215
677 774
569 502
165 30
64 276
585 579
378 636
325 403
53 745
645 405
259 487
262 538
783 613
128 469
149 22
212 189
349 100
293 38
638 512
808 406
445 641
580 204
528 474
358 662
237 498
701 721
687 568
747 383
234 531
696 410
383 44
499 739
9 383
673 669
357 343
545 398
709 269
654 77
144 443
698 638
183 699
797 16
526 11
113 714
125 686
810 28
297 112
45 296
413 181
606 785
242 540
173 511
83 180
301 608
487 227
269 631
739 183
680 124
575 801
566 484
452 293
364 329
257 667
510 503
183 439
443 103
444 404
591 108
37 4
725 187
66 159
30 610
132 629
429 443
196 702
158 269
381 604
146 246
274 451
320 141
156 803
686 40
300 803
450 783
646 676
60 521
204 614
447 790
476 294
190 218
601 721
106 807
364 38
13 724
527 805
334 350
53 714
599 318
426 285
232 196
106 104
221 510
576 344
595 539
755 505
513 796
165 204
565 32
88 105
148 574
159 805
474 688
202 34
794 122
797 420
123 342
339 419
218 21
455 367
424 449
6 298
100 209
391 793
268 338
6 559
261 317
516 550
731 334
292 431
132 123
84 73
585 63
289 29
533 498
367 763
365 520
746 10
532 62
533 168
753 575
742 214
63 468
105 19
34 197
128 513
256 59
206 382
137 163
267 470
698 459
662 61
459 591
188 588
