941 965
759 228
713 251
914 505
291 429
416 878
620 423
101 455
790 165
370 327
928 112
510 261
28 736
918 892
528 892
645 317
349 528
681 199
817 562
756 355
748 731
675 333
770 319
283 367
680 213
45 39
712 873
566 782
148 348
550 101
721 396
595 608
396 17
27 370
390 504
335 141
310 621
182 272
766 732
186 837
852 68
196 610
406 651
638 665
572 563
254 166
174 796
578 509
632 860
446 248
171 384
267 375
126 106
812 556
618 893
285 763
201 467
80 146
169 186
509 625
773 160
737 588
528 708
327 539
629 939
20 193
683 214
82 858
461 774
572 706
195 649
679 112
4 66
767 328
156 147
310 866
574 12
307 769
572 689
390 413
171 933
603 658
589 175
832 651
622 108
523 193
831 791
795 222
253 66
757 188
667 832
327 462
484 444
426 336
434 626
560 596
690 870
555 309
147 474
512 670
385 896
350 141
301 214
805 304
120 551
421 226
385 274
617 157
75 506
939 385
267 486
51 551
115 631
530 501
613 34
709 29
123 470
841 346
190 122
750 487
686 523
79 309
352 498
339 319
749 806
735 333
682 91
314 548
327 177
28 794
651 370
760 906
224 188
861 390
194 269
77 407
716 737
551 91
713 104
451 786
770 481
8 916
92 655
875 334
736 420
56 896
292 843
218 114
832 155
243 649
893 29
513 428
260 517
777 937
935 767
179 503
176 229
375 198
183 461
921 630
74 895
701 604
846 464
585 936
81 33
86 14
444 791
414 92
81 408
381 151
139 622
628 136
622 265
173 906
850 759
467 540
701 883
559 160
277 459
417 753
419 702
924 520
932 747
770 12
653 83
234 278
662 159
12 936
554 223
322 742
812 718
145 558
187 211
388 891
711 772
884 138
379 587
302 878
883 492
909 788
765 783
388 393
841 410
575 363
841 608
95 296
51 925
706 351
432 766
504 400
770 555
83 867
901 736
622 852
804 597
20 178
331 242
326 862
351 605
512 385
800 662
637 616
193 447
166 139
634 306
600 508
893 853
198 59
572 328
856 418
114 233
318 382
673 861
501 743
517 733
311 434
294 19
895 677
477 626
533 149
593 133
932 334
233 872
614 906
613 914
18 431
368 581
903 598
461 511
788 529
422 16
6 488
571 26
690 406
549 170
322 585
156 432
244 290
764 553
898 564
572 226
638 266
523 596
193 775
721 237
622 898
522 547
219 771
674 593
285 273
510 322
701 819
17 349
520 485
598 677
477 587
305 2
624 850
873 240
438 466
432 437
512 458
228 642
283 467
47 248
380 748
682 99
169 69
601 849
531 422
503 892
406 608
473 198
691 622
624 284
782 580
556 71
840 902
712 400
257 926
698 776
108 642
269 611
633 147
665 102
716 175
431 170
108 101
94 115
375 271
915 790
61 185
918 289
114 702
6 17
273 655
619 64
228 937
3 771
278 854
583 123
901 779
703 304
223 879
702 573
750 774
789 126
495 884
609 70
396 606
509 617
496 88
211 235
311 626
684 565
797 401
124 28
646 936
506 928
547 906
835 436
862 904
510 604
68 12
204 307
27 936
829 242
653 468
29 390
326 617
212 441
131 918
930 827
156 736
429 368
41 183
106 399
323 656
638 772
786 267
504 187
52 877
37 606
898 307
685 104
734 270
75 706
706 939
232 778
370 583
211 214
356 408
226 463
187 482
814 655
154 153
788 48
671 860
470 84
313 587
491 644
864 559
928 435
651 707
226 305
881 492
907 563
294 595
732 914
683 932
894 661
13 21
827 12
891 274
2 894
277 841
837 628
601 257
799 680
695 801
261 765
340 48
703 523
371 50
894 718
164 901
179 17
533 541
212 430
413 638
42 270
658 713
71 465
869 674
524 853
407 495
140 78
495 450
618 74
522 871
756 884
886 122
768 101
877 113
664 507
694 887
801 705
30 929
672 655
495 866
798 152
766 937
674 705
171 182
769 179
159 330
569 492
44 272
669 521
26 766
334 575
121 657
209 188
182 27
260 305
506 365
854 880
841 571
749 795
211 633
137 894
268 382
626 483
857 776
607 544
627 811
158 262
453 36
14 400
65 549
675 448
238 260
864 179
191 662
660 294
483 639
203 897
726 107
213 12
491 633
408 789
758 832
463 364
78 284
345 612
278 694
567 566
828 374
429 923
408 377
281 575
711 746
612 408
695 654
147 618
73 371
886 339
763 769
803 383
910 740
818 251
263 25
246 238
600 281
85 233
893 684
880 896
737 9
720 814
51 789
127 32
67 101
791 115
14 178
856 343
578 914
938 45
45 467
930 331
828 99
338 410
130 237
42 411
99 326
360 241
940 344
556 361
389 41
487 21
746 11
372 532
475 51
815 495
462 539
513 442
449 328
644 12
81 23
789 554
628 17
172 406
766 397
926 315
72 302
594 470
148 793
585 660
222 390
219 44
111 575
647 338
267 274
810 888
600 163
141 615
103 48
463 142
672 140
339 916
671 43
490 150
805 554
796 578
787 848
316 714
104 457
54 178
176 581
32 394
825 495
196 500
883 459
877 641
481 206
775 614
14 807
287 876
416 682
417 906
845 372
893 346
940 815
347 501
854 367
359 722
820 583
340 732
724 155
791 801
626 670
240 135
522 756
532 205
436 407
773 887
573 712
405 379
493 537
208 884
442 937
247 227
628 225
333 712
423 640
376 928
532 17
146 129
239 55
371 207
518 62
171 501
456 904
556 177
784 314
384 900
224 489
656 819
402 894
824 553
901 272
440 44
816 925
797 149
76 248
457 464
612 3
577 487
806 869
627 136
253 209
795 314
135 384
362 324
247 22
460 448
601 748
14 58
144 53
716 67
440 545
444 716
344 341
823 249
784 305
777 224
811 657
151 113
892 189
177 765
610 618
100 556
433 471
689 185
784 792
86 223
29 741
917 34
762 52
299 862
863 681
717 303
67 340
844 838
691 427
581 270
751 925
352 133
163 445
770 79
103 16
396 727
781 95
927 316
729 906
644 464
397 631
98 612
244 141
315 376
200 768
473 560
95 538
51 581
703 334
81 440
934 205
288 900
698 48
309 88
761 474
840 451
190 466
246 717
178 443
771 43
691 121
631 410
466 671
255 707
32 579
515 46
71 142
310 888
54 347
241 829
512 365
926 605
885 835
684 933
376 323
731 337
822 199
115 502
513 359
832 809
792 22
68 95
487 456
26 172
770 154
931 54
24 828
54 492
102 810
687 875
872 467
283 113
774 28
659 343
930 420
316 403
858 754
272 753
265 237
526 266
657 870
903 698
183 145
932 847
537 399
181 776
299 515
256 625
10 597
568 584
727 800
738 33
60 923
445 334
185 37
378 358
930 68
754 481
612 573
247 692
681 571
92 849
398 144
817 778
684 263
280 528
775 791
578 720
258 515
577 540
687 36
770 4
800 92
286 193
416 853
727 474
685 380
789 324
866 514
667 492
152 666
901 110
525 604
168 8
197 224
608 382
313 258
419 853
425 614
349 293
161 193
225 825
852 611
83 477
826 23
720 510
488 405
804 411
255 785
248 633
221 222
528 603
523 667
903 593
255 515
463 494
256 168
61 122
409 696
431 620
134 201
870 178
771 300
702 843
695 611
514 598
705 262
462 653
660 787
783 169
826 519
123 308
603 73
507 899
285 272
759 755
402 365
242 315
838 391
872 673
92 42
718 274
216 901
763 757
234 783
192 710
255 502
148 457
588 794
785 749
684 201
703 266
689 591
770 103
714 680
940 911
293 595
108 235
498 160
255 868
430 665
658 110
341 556
200 170
375 713
614 515
266 12
848 896
686 462
388 41
522 829
858 838
251 226
229 168
128 634
370 695
767 680
133 34
601 114
495 515
934 742
540 905
336 34
312 547
678 898
364 369
931 851
236 669
450 632
14 361
666 18
320 861
262 848
761 924
893 333
549 414
423 909
208 869
815 919
150 15
209 104
911 522
771 779
374 553
530 902
639 568
188 576
672 163
162 155
183 665
413 438
135 878
916 505
805 496
561 21
280 561
348 279
131 437
290 311
218 776
578 525
836 108
227 28
433 473
839 509
313 247
697 284
570 667
38 477
299 69
659 81
880 573
43 660
524 702
852 19
449 477
392 82
590 454
353 769
914 1
281 407
258 839
799 230
582 242
849 454
672 186
785 412
61 428
528 608
93 98
131 134
444 503
23 428
711 240
450 421
559 261
280 778
190 700
820 173
928 571
28 836
644 371
476 29
906 19
279 854
317 800
479 354
51 55
463 920
588 508
318 152
896 220
750 785
388 252
491 11
804 389
213 257
633 223
138 277
616 255
696 42
260 333
658 669
773 239
272 821
479 631
748 298
417 203
620 393
61 881
448 252
