942 2923
503 670
200 471
510 756
310 102
233 768
45 795
83 408
376 760
202 310
458 195
385 289
95 69
391 320
782 389
382 610
537 825
331 887
5 84
284 13
14 47
158 326
851 861
276 375
443 270
323 22
714 569
342 878
255 214
298 634
443 383
622 785
825 497
58 737
534 918
277 321
353 496
316 252
155 38
324 158
893 254
123 785
234 443
597 851
734 901
700 135
339 826
686 86
745 506
932 798
284 607
639 776
77 571
877 462
398 633
203 92
488 42
637 866
33 74
109 351
264 443
935 610
225 24
423 149
280 349
926 942
564 437
488 694
160 504
273 63
508 381
129 584
21 415
631 513
46 578
730 76
621 160
418 752
754 118
519 714
477 936
704 217
934 223
687 85
27 556
491 234
545 612
197 313
113 215
902 26
922 307
191 33
928 22
590 868
493 772
495 565
439 840
279 308
335 221
145 688
458 252
173 226
690 537
638 931
565 449
839 230
269 719
217 80
448 370
147 600
538 741
550 178
527 462
731 675
127 764
292 458
348 255
648 664
247 712
303 159
307 216
727 871
358 932
153 819
571 475
936 204
864 569
773 876
244 564
558 338
741 237
45 347
448 49
32 741
896 586
827 767
347 514
756 305
849 241
601 811
448 533
524 123
513 621
182 218
755 251
173 736
250 784
1 52
287 791
522 11
932 3
174 691
839 71
434 817
165 687
529 655
456 472
590 16
383 818
834 606
192 13
872 234
765 609
876 548
849 123
868 801
744 804
548 198
643 576
93 244
77 933
80 87
560 828
62 284
194 534
360 274
658 127
879 357
78 188
941 183
818 889
809 10
185 365
797 323
266 413
286 690
362 610
480 577
684 801
98 434
144 692
415 940
217 173
255 790
552 264
790 680
165 704
904 678
634 467
779 19
175 411
711 826
555 616
76 26
848 67
635 710
174 812
544 272
452 344
131 27
918 644
650 110
29 568
620 74
471 306
32 687
543 51
583 487
648 914
481 935
794 711
357 125
769 713
930 7
788 620
609 716
242 376
243 378
5 615
449 50
68 887
414 799
248 207
878 341
832 663
778 34
924 5
871 323
450 211
14 638
769 784
900 635
650 786
65 499
893 931
858 71
289 797
219 220
38 270
497 37
370 142
111 219
283 536
214 812
144 893
15 95
604 790
729 619
774 151
942 910
276 697
623 481
858 755
220 807
785 914
664 936
404 694
242 57
528 861
803 626
178 614
197 472
331 719
461 532
398 310
525 75
413 327
35 518
915 582
329 109
111 564
832 274
779 704
215 1
866 698
78 267
779 311
639 260
72 171
197 647
58 585
790 779
26 23
370 125
81 803
673 679
929 64
704 284
255 156
149 154
277 218
689 445
817 651
161 431
201 669
220 212
292 249
519 618
782 918
406 316
7 278
816 56
106 223
732 754
653 213
661 160
862 686
22 433
152 400
379 273
470 381
556 534
122 347
360 162
838 125
677 811
518 21
692 613
116 743
851 313
320 133
533 571
235 345
238 747
276 599
388 572
763 280
216 859
362 108
736 652
402 656
97 838
357 482
105 345
382 242
785 239
337 491
91 154
681 609
573 136
667 207
355 769
669 810
802 791
108 575
588 587
347 421
629 401
316 262
942 54
361 800
413 231
692 729
147 455
791 872
595 398
832 812
62 444
139 148
712 103
414 286
896 521
479 907
670 501
817 871
16 419
854 815
532 811
84 325
884 476
388 857
560 442
561 12
101 347
170 928
880 332
76 527
811 857
833 503
897 855
402 349
1 840
700 769
40 327
494 302
336 942
575 542
542 754
209 462
392 122
230 517
228 456
603 889
898 210
462 13
230 660
908 351
361 587
936 912
167 712
115 171
900 779
941 620
374 618
250 858
108 557
203 406
498 368
685 615
246 679
389 629
781 872
267 722
436 654
842 649
826 574
332 267
152 492
813 62
228 191
406 846
601 886
140 808
326 297
43 447
685 719
668 861
453 245
718 815
663 589
226 100
636 498
282 182
31 295
866 180
722 154
647 548
156 193
857 815
933 619
900 192
381 66
923 370
850 432
393 386
15 320
589 528
790 414
193 544
359 797
18 311
109 833
845 887
522 560
913 117
473 475
916 776
41 178
463 239
907 493
619 464
396 289
346 762
536 476
797 939
411 583
874 46
693 746
498 266
610 807
120 232
799 423
512 879
857 31
358 939
271 96
292 624
206 289
64 266
709 438
256 1
246 886
28 343
32 914
826 715
612 675
149 427
481 618
498 520
724 201
397 364
290 166
1 630
311 337
223 467
522 6
636 424
467 408
820 746
88 931
142 128
823 314
718 532
241 176
811 921
461 725
886 350
28 740
527 344
253 851
842 272
54 209
664 378
878 179
100 844
49 44
654 142
52 434
510 205
847 667
403 818
516 484
939 804
17 867
411 463
233 739
70 64
273 596
551 825
800 620
113 659
539 388
595 355
71 125
636 423
233 486
902 491
650 173
582 190
881 409
10 457
615 457
391 52
87 906
515 845
238 359
240 771
356 23
284 724
466 723
530 732
337 175
862 423
849 463
635 52
928 495
857 447
558 934
486 476
15 469
4 858
595 473
300 400
283 575
657 187
476 914
937 91
848 554
630 180
561 362
154 768
311 832
738 578
756 869
137 390
138 738
720 676
731 371
61 575
151 204
875 33
510 473
757 13
668 924
858 417
394 938
624 382
145 555
20 126
114 314
927 541
282 139
309 685
474 89
719 443
208 133
61 317
851 166
155 501
799 932
712 864
51 132
456 190
510 369
609 915
45 873
602 204
860 837
626 557
330 523
112 458
662 660
196 497
687 896
891 813
895 726
878 480
58 922
365 905
420 863
444 632
320 65
232 227
88 872
289 108
642 255
538 451
721 33
44 632
63 54
891 401
358 429
514 783
162 408
291 666
128 349
898 881
4 672
21 526
777 685
77 520
564 803
213 487
362 706
310 505
668 688
848 542
119 29
448 141
84 734
621 624
513 584
91 177
384 234
41 786
464 13
706 516
486 804
472 125
806 38
284 937
811 610
351 368
514 697
605 163
302 556
478 198
260 797
400 248
876 506
59 341
22 91
617 388
928 548
507 892
676 638
443 923
834 722
853 791
177 929
676 816
382 337
100 628
763 707
28 214
54 23
473 169
46 635
16 288
18 137
245 115
377 43
624 671
750 382
200 843
620 206
409 224
8 706
694 833
219 713
223 860
297 134
105 392
587 572
785 865
73 28
19 495
684 324
389 283
657 590
201 877
412 476
495 663
49 116
103 313
340 605
203 242
104 494
305 904
752 869
588 896
588 589
366 836
554 21
886 165
830 662
233 446
209 8
46 464
641 752
531 401
310 453
38 254
386 631
376 268
836 393
360 27
450 846
569 918
200 87
402 237
683 433
277 117
81 487
357 748
874 390
300 191
733 780
150 43
723 560
899 845
218 213
559 865
180 243
341 195
24 757
227 719
376 200
715 737
583 154
768 756
73 213
842 429
555 355
756 43
37 349
611 744
939 858
62 330
707 60
94 333
776 246
489 563
200 101
368 81
762 314
320 621
177 192
656 893
455 179
202 661
719 711
171 437
174 230
413 549
108 725
753 136
721 426
528 802
46 333
775 901
915 652
751 538
4 738
313 584
25 355
667 515
673 578
106 491
513 876
552 140
94 162
494 760
298 537
244 128
190 92
925 23
512 778
86 29
144 825
768 350
799 157
901 30
631 307
135 757
559 887
80 882
17 832
107 265
126 55
223 45
44 689
154 401
887 641
314 278
105 646
326 302
331 393
404 601
867 429
83 615
464 547
321 696
206 152
860 596
555 539
739 925
904 422
189 420
189 111
890 204
512 769
396 340
492 846
535 849
629 28
22 506
248 57
125 269
501 404
376 296
139 11
749 78
186 163
74 710
878 839
862 456
737 228
738 535
703 539
261 628
763 417
69 577
92 339
939 647
775 576
585 468
427 933
763 754
514 609
53 649
129 819
495 434
99 785
869 193
673 481
729 695
821 366
307 863
697 491
832 758
270 399
454 664
1 39
111 243
295 445
521 897
685 117
655 471
588 615
458 243
666 489
872 659
102 215
782 405
214 862
221 837
300 652
871 97
512 910
340 543
270 487
454 414
251 721
350 778
477 386
351 546
569 377
792 583
152 188
544 563
597 823
727 407
144 918
931 178
143 61
558 194
776 933
815 154
396 910
733 915
419 631
936 683
777 617
121 448
489 818
843 370
581 467
439 210
704 321
229 688
881 875
805 178
757 606
196 359
709 278
471 601
12 39
308 123
114 438
667 814
831 105
523 895
408 552
803 373
166 397
939 655
654 150
14 188
17 179
718 318
115 346
651 790
653 734
859 740
915 694
329 114
814 203
29 732
341 320
325 6
471 107
420 849
866 810
110 931
743 926
248 568
373 266
747 568
570 83
354 166
384 513
60 594
206 799
338 908
209 540
571 711
875 258
813 547
36 301
728 344
921 33
304 915
794 242
802 684
381 113
348 817
258 41
387 810
214 942
196 186
894 465
643 467
275 790
64 162
619 39
909 396
122 262
601 694
221 223
791 936
851 623
615 510
343 364
328 27
177 626
121 17
675 829
552 181
201 508
702 337
686 782
690 31
712 389
534 212
699 218
295 736
580 286
818 878
267 387
931 597
879 477
898 227
883 22
300 278
304 140
930 125
610 562
536 913
300 531
706 522
620 68
897 42
311 221
310 586
504 892
387 792
925 39
893 637
827 359
345 754
911 112
457 374
526 928
704 527
725 650
397 788
714 483
701 60
246 278
727 150
880 820
819 612
696 420
912 624
773 608
36 583
937 405
538 378
24 433
138 263
816 189
282 444
581 312
825 344
361 669
556 452
368 820
424 669
41 563
647 8
797 880
673 56
267 433
416 812
733 529
631 737
133 787
260 941
155 298
457 376
862 589
773 926
497 261
232 37
234 659
625 596
277 868
573 663
479 183
83 96
873 421
803 398
138 51
457 187
846 112
920 679
526 24
819 14
698 43
705 317
701 761
120 661
890 121
304 620
698 6
567 351
130 639
114 229
204 812
828 809
170 364
101 659
727 21
878 163
202 278
738 164
206 502
685 513
637 914
295 785
224 710
941 146
683 852
66 98
267 431
69 412
507 156
641 161
241 882
844 706
538 437
480 559
574 316
523 584
10 220
731 848
878 364
828 78
813 670
623 136
653 618
357 189
341 851
538 343
897 187
407 247
742 32
914 233
435 685
898 408
375 521
187 28
542 859
465 165
467 658
360 834
288 47
342 214
549 454
817 7
331 406
575 428
66 255
65 179
301 584
930 152
762 338
368 519
317 29
427 254
873 271
381 32
163 648
917 68
459 289
367 936
830 304
413 306
286 440
126 742
792 320
350 494
101 875
49 577
177 95
234 24
694 626
844 875
202 33
650 81
58 349
524 3
286 641
581 551
415 295
706 816
570 567
658 594
438 482
694 846
609 286
8 334
797 743
658 281
50 258
693 97
146 420
256 620
470 283
95 278
776 733
300 779
432 403
30 562
529 409
19 191
437 23
444 554
728 507
326 249
293 634
544 477
280 444
214 547
659 658
235 177
401 457
720 612
402 367
576 942
901 396
200 31
190 151
32 363
415 759
632 550
826 16
886 369
707 783
918 627
239 832
411 563
573 32
367 225
82 70
705 765
216 673
911 270
296 366
684 303
776 88
353 54
687 866
742 902
157 894
619 258
1 815
209 429
525 415
104 133
752 529
73 635
647 91
98 597
262 426
623 479
913 3
516 184
222 153
311 745
81 433
618 159
127 226
398 740
826 58
521 822
702 392
923 327
615 254
253 727
752 697
54 737
753 558
294 142
25 651
309 528
193 364
216 59
752 520
109 389
18 785
827 749
817 186
101 86
854 33
654 759
107 179
550 857
324 768
646 904
3 918
631 764
870 161
548 187
217 666
74 7
272 27
274 508
519 348
837 602
425 563
46 29
586 372
568 488
164 104
331 649
189 778
541 459
891 778
105 11
664 373
332 419
248 403
449 89
858 378
291 500
419 734
42 818
413 484
783 337
713 550
201 264
127 10
59 203
937 333
459 362
777 833
933 454
86 368
696 879
771 306
897 489
611 51
115 54
698 720
99 336
777 357
10 182
28 742
233 396
307 498
147 605
160 614
17 803
552 391
254 574
645 898
852 884
860 394
493 762
260 336
461 902
278 580
33 860
696 886
87 678
491 473
681 185
483 246
840 96
108 665
878 518
239 102
742 310
62 900
763 450
195 603
36 278
254 108
516 156
718 789
10 781
858 642
822 489
328 424
489 846
298 605
555 388
412 804
89 414
238 569
242 814
220 637
783 836
733 57
557 641
118 898
688 152
468 181
14 132
783 574
769 302
146 4
560 501
672 196
675 570
273 580
241 565
399 773
673 187
211 866
566 659
381 225
366 783
800 802
235 699
508 575
702 137
558 914
283 935
358 473
714 321
240 366
57 695
386 420
686 668
121 16
583 783
512 79
723 120
625 416
770 715
315 176
886 265
562 83
137 168
239 922
917 723
351 700
421 548
559 215
190 686
874 647
710 289
434 475
821 584
717 796
204 177
403 526
372 530
924 327
48 909
893 240
288 124
72 185
490 232
327 750
611 704
220 377
192 728
45 154
709 813
466 881
529 2
254 351
869 456
248 148
176 657
158 513
88 509
217 881
861 531
884 865
460 632
392 83
856 397
486 760
549 603
495 817
847 12
228 604
299 843
528 671
799 169
550 98
500 492
397 250
918 873
918 658
832 746
444 481
836 383
622 861
716 840
571 384
825 445
573 210
97 25
646 132
723 368
687 350
490 901
568 409
517 666
557 596
27 611
51 776
513 440
294 244
811 703
65 612
466 208
380 59
294 316
369 768
669 860
506 58
384 146
274 913
406 772
523 372
265 68
807 52
865 21
684 116
499 275
262 477
83 208
108 755
343 201
115 209
791 378
193 478
105 364
107 112
676 615
833 187
248 645
487 101
435 566
571 69
149 167
239 558
582 114
68 161
238 377
75 169
848 631
889 365
65 776
656 245
74 598
879 496
264 717
911 309
580 231
400 732
458 655
242 669
521 427
488 506
604 403
612 806
453 30
601 57
675 341
743 229
595 249
166 379
790 743
874 738
877 930
22 794
830 104
407 297
300 165
138 149
642 216
151 467
559 470
247 650
513 784
770 308
828 53
494 748
833 499
249 303
70 847
291 69
238 267
437 788
888 144
337 254
467 666
815 91
324 155
676 112
125 726
290 448
369 727
374 191
876 119
747 656
95 556
933 735
370 783
611 855
307 168
540 329
189 403
416 133
382 190
426 924
618 542
303 408
839 1
478 599
542 842
63 312
338 676
528 47
732 730
611 207
851 550
138 330
446 259
91 294
73 938
369 790
667 222
758 582
488 527
195 347
267 582
35 280
458 523
23 570
97 55
904 417
560 254
315 850
579 564
873 393
385 163
593 565
274 233
937 447
185 322
816 620
466 608
344 349
142 912
146 47
294 512
353 655
561 418
465 341
77 639
290 152
111 816
831 924
104 674
928 463
891 565
255 230
790 622
224 198
166 729
852 787
597 651
729 72
655 368
911 666
515 152
383 139
151 618
651 456
64 686
155 210
835 852
349 782
520 548
357 840
450 652
220 464
39 123
665 696
685 431
740 273
276 6
265 10
23 364
875 506
218 234
203 882
735 725
150 638
207 12
834 381
529 265
821 182
533 636
679 914
42 754
645 782
12 189
696 523
108 316
234 899
807 518
49 765
164 428
450 683
329 93
499 886
318 612
451 590
658 62
532 524
493 77
761 837
479 142
619 773
444 790
681 751
586 603
82 897
589 360
196 594
590 3
684 759
799 705
281 60
892 657
469 21
620 879
42 217
613 654
718 387
540 548
691 716
212 166
503 537
861 847
751 528
646 718
443 535
816 229
83 435
758 846
837 305
567 72
71 231
496 576
157 761
853 524
360 730
808 761
271 155
681 192
420 188
883 60
136 715
139 540
804 282
166 86
4 450
199 377
63 576
139 48
936 630
918 826
283 71
485 15
621 690
378 516
120 294
436 50
718 937
702 681
493 539
739 776
647 446
55 357
248 87
248 534
139 216
783 69
89 873
38 627
257 939
486 189
122 310
773 373
683 846
614 76
497 271
467 99
450 551
515 665
772 8
281 473
356 654
423 412
53 655
565 680
636 56
291 29
311 812
735 899
631 231
331 928
142 126
767 644
643 36
68 645
299 90
862 773
575 115
326 207
679 258
357 533
272 104
6 786
853 123
727 444
361 853
358 842
933 632
187 763
713 335
205 434
479 535
133 96
172 368
134 780
31 608
675 283
529 209
895 21
535 304
420 358
424 510
171 511
82 718
591 4
441 917
724 494
783 459
58 15
380 721
400 511
254 238
143 788
426 537
445 385
837 277
505 852
876 368
435 586
664 885
719 14
389 292
687 909
248 253
878 325
296 10
379 853
24 825
862 125
111 65
240 609
918 553
300 638
85 614
892 716
849 704
751 17
201 282
853 238
494 42
648 205
208 127
173 281
234 125
691 228
657 468
566 755
422 594
348 769
277 848
281 886
547 591
215 158
676 668
453 202
471 703
384 52
464 892
230 436
451 850
752 602
96 72
369 238
224 674
367 551
227 24
326 51
781 567
251 142
423 561
534 463
826 53
457 24
762 171
138 308
895 574
241 242
595 265
895 352
734 604
85 321
915 98
168 317
771 164
136 262
916 880
287 481
206 132
681 447
761 137
174 112
618 680
780 655
880 777
591 767
479 177
334 155
434 191
1 299
536 202
699 662
21 910
68 261
283 294
671 628
546 229
553 692
862 481
321 236
630 324
104 21
855 194
395 477
159 140
497 567
478 36
771 269
185 293
265 447
425 374
722 516
545 5
766 938
359 368
586 193
381 270
365 543
441 406
495 847
81 911
803 209
602 449
804 338
408 97
722 806
137 465
471 537
73 185
422 434
812 750
852 437
891 303
263 678
360 352
468 1
712 426
397 59
735 502
614 347
529 550
178 609
922 820
142 587
145 518
383 103
534 100
815 415
525 144
856 25
317 830
566 551
770 857
588 752
595 542
286 48
173 374
817 101
678 619
366 850
353 581
523 410
562 102
263 208
232 274
490 576
554 706
72 329
190 495
855 746
931 609
824 90
387 928
39 254
484 300
243 662
925 249
799 117
432 109
590 255
576 239
187 245
479 467
172 103
245 567
543 112
182 914
698 235
76 208
792 662
79 69
912 112
201 692
571 277
38 156
685 816
604 128
695 806
310 426
535 591
846 523
141 580
491 361
880 610
459 919
425 11
728 929
168 98
569 457
200 548
349 530
412 56
334 261
447 421
260 119
201 701
128 75
256 938
497 940
635 201
706 795
547 261
235 906
215 61
660 153
197 722
849 32
652 870
302 934
877 722
824 418
625 76
543 49
574 7
614 613
371 661
745 301
214 568
70 806
549 134
643 823
698 314
257 497
681 443
188 309
9 11
228 409
547 445
712 49
279 825
158 809
438 693
383 705
98 75
656 99
472 794
752 418
347 682
332 676
166 503
647 490
775 305
502 447
547 814
327 867
721 668
43 127
886 465
887 477
178 432
216 920
454 567
492 510
537 2
222 100
596 772
405 818
117 141
39 831
525 545
69 42
751 377
240 899
313 390
523 535
227 850
301 71
247 576
305 761
676 917
821 657
795 109
117 569
376 231
138 714
233 162
336 708
842 51
273 929
113 799
385 133
244 700
740 854
563 256
109 822
296 802
334 211
597 668
365 406
290 397
91 913
826 43
790 488
6 524
693 846
207 764
287 584
418 892
55 113
790 347
22 817
392 340
410 901
626 166
34 332
181 561
572 135
610 462
829 357
334 171
136 494
162 488
626 517
128 184
354 832
794 741
317 162
632 118
216 865
72 453
364 131
412 341
848 560
798 117
340 545
895 655
624 23
381 865
940 349
600 32
836 286
103 322
859 736
308 889
685 559
669 170
597 125
676 172
629 76
709 595
712 664
507 828
129 336
48 132
756 627
421 333
169 508
613 814
541 588
40 538
774 942
387 450
80 848
700 545
119 383
304 548
432 62
852 72
622 839
721 760
588 920
850 44
807 21
241 693
481 346
763 364
853 541
213 456
782 934
529 642
895 438
42 942
740 479
833 299
444 614
505 624
695 426
753 743
295 24
430 544
189 699
181 524
365 874
593 708
545 825
271 661
110 423
55 174
496 630
393 831
230 443
340 18
31 190
362 438
324 257
474 434
684 33
117 629
501 470
887 779
658 337
159 940
570 200
437 95
497 279
795 872
762 749
303 538
183 447
426 785
327 640
346 596
844 896
648 86
64 75
11 733
48 673
413 705
914 137
935 651
480 98
210 618
424 153
763 673
472 743
358 438
479 940
703 219
853 357
340 392
911 581
632 392
859 551
627 829
913 865
101 61
238 44
423 549
152 780
942 611
449 928
432 365
481 99
876 360
254 865
455 879
902 459
872 811
506 855
271 525
907 419
15 811
768 939
364 222
111 73
135 130
732 267
866 288
147 135
829 895
594 292
375 288
140 94
678 588
642 869
261 4
583 493
620 666
91 492
572 483
717 710
518 436
351 856
389 699
715 701
739 665
918 247
30 424
657 52
513 581
164 567
71 805
933 214
408 235
201 647
392 357
395 784
492 430
881 156
644 709
770 214
244 161
762 873
690 7
150 245
888 372
444 101
113 187
430 869
489 290
4 737
847 874
631 195
279 576
49 684
381 485
935 404
421 169
667 244
871 364
732 534
424 925
388 675
189 78
407 251
448 456
583 457
17 530
58 692
740 18
538 762
765 118
841 496
111 100
254 434
169 383
417 898
894 878
456 118
900 113
776 584
888 89
28 513
349 322
473 758
826 460
275 62
756 525
426 62
801 26
529 704
245 838
447 579
673 448
512 285
568 234
398 924
57 432
792 61
731 382
835 436
52 381
442 391
8 763
509 125
396 609
812 153
512 737
339 687
313 796
461 651
560 81
155 666
67 99
748 635
342 175
126 9
127 133
570 579
404 797
294 532
686 608
358 492
431 430
895 629
108 361
241 754
20 154
573 156
829 242
381 8
903 218
652 704
355 192
729 390
485 845
491 666
133 22
270 209
324 515
227 212
429 422
388 795
697 853
789 846
440 310
204 252
117 408
923 512
750 286
805 326
625 413
117 867
651 833
708 707
769 43
457 204
774 755
866 880
795 666
737 870
352 223
483 214
601 18
657 224
893 415
572 405
239 395
6 109
144 273
40 568
593 348
338 837
10 422
11 572
325 148
145 227
646 44
893 187
246 501
321 383
49 229
286 218
698 311
667 653
856 611
13 754
51 387
801 924
237 521
608 227
845 703
616 909
472 678
716 633
916 576
719 582
923 81
280 301
492 931
312 254
701 295
850 642
31 410
589 39
679 210
795 616
121 329
548 860
254 495
425 323
262 64
335 874
473 105
375 451
399 713
435 768
130 485
24 725
278 149
29 604
907 369
301 674
766 21
182 561
720 258
666 322
761 525
850 637
815 765
501 648
873 804
801 71
363 722
808 212
132 746
938 805
481 249
285 276
216 464
912 93
622 88
495 359
310 260
221 247
938 692
253 198
182 163
720 805
572 862
591 409
371 135
171 34
229 248
518 146
255 888
291 326
221 46
886 650
797 592
51 617
216 157
680 720
510 425
383 933
777 540
567 353
653 210
652 378
16 153
570 902
609 254
776 174
466 249
782 275
384 881
684 818
353 681
462 558
446 889
6 496
682 510
350 128
117 832
541 660
6 742
747 99
160 839
841 829
718 608
270 100
458 763
387 762
798 173
377 407
860 382
418 201
882 482
294 1
509 120
400 459
815 481
621 903
251 228
97 644
508 64
386 465
939 333
653 599
341 475
641 429
473 280
112 791
704 6
168 800
936 356
26 118
150 215
248 903
797 723
617 258
435 795
808 745
914 752
493 380
7 331
376 149
84 718
361 908
583 201
614 410
774 878
763 405
92 230
638 252
732 564
161 582
199 447
898 271
876 785
477 740
224 840
373 819
926 908
219 826
527 248
344 39
131 463
436 725
37 76
477 789
940 37
300 831
669 663
806 597
839 380
397 681
14 905
72 450
887 735
281 900
47 857
673 410
89 418
141 111
234 531
856 785
649 548
209 215
857 214
636 736
418 445
103 832
777 866
264 779
449 942
732 374
897 659
938 768
45 320
428 328
784 107
510 596
405 667
773 722
206 184
173 390
263 869
582 760
161 188
91 191
717 95
459 525
848 643
887 30
691 892
854 280
932 682
748 397
642 318
643 436
933 365
833 42
777 720
868 940
372 338
51 1
107 428
329 248
53 152
809 416
166 338
689 647
559 835
362 856
803 277
878 492
715 570
862 106
863 376
369 345
231 852
329 590
50 105
718 679
13 115
818 570
690 711
564 42
802 438
60 563
98 132
88 605
103 495
582 925
935 199
830 491
300 804
449 553
11 238
895 798
142 482
73 569
438 190
567 216
429 782
486 833
16 770
895 314
588 56
1 242
511 859
347 746
494 58
223 87
462 419
247 845
489 602
711 836
261 12
462 466
687 352
658 285
33 783
529 130
147 438
274 338
557 586
817 741
587 651
145 455
757 802
603 523
489 773
534 479
387 771
574 443
211 742
500 696
53 66
473 748
94 203
665 13
667 868
280 482
122 16
344 10
218 178
419 111
147 553
186 411
276 598
450 276
323 30
416 518
777 83
443 831
133 220
768 32
306 931
85 25
99 237
61 341
726 530
658 905
509 419
163 647
93 36
649 775
907 113
818 195
86 13
49 874
843 201
2 427
94 520
55 770
259 597
480 587
63 118
942 751
763 837
340 69
821 131
608 770
54 149
457 487
609 738
810 421
908 924
268 441
508 451
274 413
185 91
523 791
728 352
818 107
165 1
802 474
142 220
272 75
589 503
153 413
422 427
499 775
361 802
725 706
670 221
711 499
527 742
896 197
326 941
165 411
130 367
609 829
632 213
387 571
283 439
712 109
783 450
786 848
453 881
129 400
256 536
204 198
610 836
135 531
466 179
256 855
175 370
656 596
569 341
701 283
591 556
705 259
299 420
636 395
913 235
606 392
519 574
822 162
49 432
610 669
669 425
246 721
104 853
655 33
159 411
329 651
843 340
370 8
722 894
45 925
