1000 4883
764 261
506 568
61 214
218 116
164 595
399 217
717 953
630 817
938 934
151 648
632 442
961 946
910 719
178 444
958 238
452 248
271 19
473 712
48 156
882 837
231 950
97 52
689 649
759 324
726 628
652 148
139 728
274 462
602 575
711 44
683 831
89 920
615 353
740 488
314 511
867 242
956 340
265 511
319 692
430 468
430 905
289 958
276 479
766 965
535 868
352 213
391 527
510 524
703 749
732 745
854 721
197 115
916 791
591 584
12 468
890 802
496 58
127 965
188 320
683 253
119 710
245 519
817 142
853 824
491 938
105 794
456 457
164 425
491 651
864 532
258 511
244 735
246 886
43 604
463 895
962 225
655 134
106 366
368 889
112 526
645 439
776 719
634 210
45 412
212 44
841 47
324 773
53 321
420 17
323 235
461 337
727 992
836 854
603 40
950 202
110 72
6 391
264 866
942 620
637 286
989 212
603 89
382 541
313 265
951 212
257 773
55 974
856 952
495 130
476 353
981 352
335 830
967 436
781 693
476 497
475 635
884 280
650 496
615 13
246 239
232 714
726 677
323 661
845 206
490 309
348 717
119 160
570 221
722 286
558 407
906 668
908 744
247 132
817 901
924 44
967 576
380 126
199 33
113 797
221 468
773 939
244 702
831 17
561 34
778 568
856 312
86 519
985 737
51 214
17 599
197 918
1 829
935 861
609 993
226 711
6 196
423 686
637 605
598 717
912 964
855 892
251 431
167 721
294 726
220 131
739 208
295 158
957 119
320 447
690 717
697 350
487 200
388 863
91 512
795 529
166 82
761 327
354 210
907 162
156 92
746 403
713 176
765 960
659 837
533 868
922 190
866 377
204 880
978 245
228 33
658 293
305 527
29 390
198 649
949 79
55 170
24 518
488 263
249 175
958 151
501 733
564 298
912 384
487 319
822 61
328 156
915 64
862 132
165 567
666 429
23 498
481 447
779 880
286 881
629 361
108 301
198 124
237 900
239 864
258 301
669 114
614 692
251 571
500 809
110 96
139 53
582 812
89 104
55 505
497 168
993 955
832 117
446 99
822 389
388 327
981 871
533 759
123 758
96 360
610 691
147 947
459 69
774 171
650 592
182 50
725 823
687 415
249 76
602 584
461 96
825 308
653 569
648 646
4 436
627 314
652 328
84 461
799 523
230 233
329 141
128 334
677 251
712 234
704 945
267 214
227 914
28 577
692 326
322 930
198 763
129 637
329 435
951 733
593 278
648 996
67 265
959 615
124 330
675 170
996 719
418 397
590 27
441 91
390 342
463 742
177 952
836 511
562 674
778 621
161 724
740 760
944 483
46 242
313 94
576 367
761 242
961 397
140 121
967 753
600 613
262 9
664 622
455 807
228 380
735 215
204 464
204 925
705 605
957 356
794 774
198 505
871 418
374 734
305 965
159 317
461 241
238 708
994 629
518 646
885 194
155 870
563 834
683 713
794 320
932 437
186 364
792 895
723 981
480 513
490 839
616 821
434 517
532 468
220 22
295 953
109 205
799 930
546 386
853 774
658 478
288 669
701 138
145 777
700 549
991 364
596 953
685 77
798 364
124 130
337 682
374 721
240 708
378 99
396 984
642 471
197 911
594 956
922 71
961 381
246 7
40 100
134 593
35 938
198 516
641 88
53 271
751 856
917 320
38 358
613 626
830 73
743 423
980 416
558 837
270 922
52 969
289 425
860 507
261 923
844 413
312 886
739 177
579 142
185 584
6 453
201 641
688 753
321 437
29 124
412 465
970 557
916 248
720 221
811 54
650 786
297 925
872 595
698 889
400 754
286 606
549 769
204 71
823 973
790 94
518 435
3 719
351 390
196 36
942 133
431 995
531 964
714 889
347 72
332 804
101 795
154 720
319 62
2 153
893 858
887 170
714 804
92 63
112 272
845 98
494 926
231 680
795 74
814 717
980 971
450 42
857 666
535 720
234 661
491 289
957 528
257 988
384 708
459 847
801 318
8 229
990 628
227 910
266 95
655 667
105 384
90 955
822 120
407 413
771 256
358 383
845 324
630 762
494 839
869 27
633 44
3 875
65 357
602 75
289 836
452 547
779 495
472 905
679 253
862 679
594 833
149 371
35 942
631 819
101 479
463 280
603 565
359 460
131 420
948 607
345 607
933 397
437 424
475 877
846 347
77 572
747 774
669 856
446 755
859 192
772 71
332 628
186 625
481 268
740 872
770 876
484 271
759 769
140 409
892 502
123 870
359 807
197 622
145 53
511 605
165 629
421 384
934 167
906 637
652 572
546 369
106 514
782 907
21 86
136 912
788 633
483 731
226 320
611 256
650 614
651 982
156 21
981 297
638 177
670 929
951 868
474 7
936 102
865 320
663 13
801 142
688 337
742 996
233 692
237 410
473 824
792 364
40 885
628 30
976 92
4 373
227 489
172 593
636 963
764 27
506 842
530 447
343 550
586 566
805 386
365 64
781 711
3 367
683 554
805 375
501 981
959 242
871 76
194 424
30 9
563 541
288 45
141 444
753 159
952 953
792 337
773 431
331 404
757 357
795 990
909 569
445 558
346 944
230 430
161 95
126 108
972 206
186 65
140 898
4 389
98 360
559 512
908 678
655 828
966 514
698 683
201 388
921 789
441 605
351 341
668 102
335 26
764 18
106 741
503 613
255 905
865 973
384 19
38 298
314 803
810 876
958 541
23 905
689 674
501 521
562 253
125 375
213 389
855 826
913 26
400 696
774 88
954 940
918 158
887 69
944 261
835 127
427 325
359 507
878 376
382 509
701 257
639 381
595 353
797 992
101 640
211 64
438 245
466 661
822 469
454 718
291 248
653 989
171 819
767 658
957 862
246 684
506 261
106 185
602 802
576 821
658 528
458 404
991 473
868 642
418 698
530 887
784 70
604 132
15 184
805 5
4 297
48 198
457 802
403 167
811 866
60 92
221 661
982 552
747 963
249 474
690 272
690 861
609 771
195 540
640 74
183 423
128 809
161 622
165 252
294 271
295 407
81 783
260 541
797 625
689 72
226 745
378 33
693 251
694 251
951 854
508 464
553 214
882 721
68 926
649 816
751 453
524 286
466 393
50 319
267 722
699 349
809 58
917 185
774 121
761 337
635 654
445 883
194 968
871 518
267 924
967 711
894 381
880 65
235 248
366 513
258 195
690 414
779 370
151 649
157 61
987 768
255 838
588 737
661 309
368 511
288 870
557 57
723 890
258 978
564 875
447 236
857 13
533 517
255 354
515 477
241 141
974 98
206 471
273 27
155 765
7 628
942 274
530 419
658 514
950 27
588 826
534 730
862 823
331 291
683 534
111 895
960 433
318 796
767 107
228 364
672 485
257 388
655 626
235 568
287 606
332 632
237 490
310 416
744 803
276 368
703 838
744 269
614 990
795 679
782 164
395 98
270 850
921 844
80 117
112 391
880 368
379 969
506 691
694 830
200 153
143 854
936 998
558 174
943 402
666 481
426 906
83 996
980 399
175 42
414 625
531 41
516 744
446 221
369 621
297 216
796 377
242 437
85 691
332 749
286 876
267 906
515 965
623 354
329 207
844 538
748 931
654 641
722 881
137 983
227 744
116 566
401 388
362 257
290 344
183 877
441 988
909 969
23 627
83 626
501 955
172 203
530 953
580 374
257 980
235 863
234 749
990 278
800 809
318 752
463 434
891 197
528 505
432 883
893 431
590 587
937 429
537 176
593 763
347 43
978 473
943 843
445 158
410 349
196 977
86 144
145 405
275 396
848 314
918 189
475 239
359 48
611 837
123 587
12 264
810 502
935 636
491 337
201 910
558 130
24 326
558 850
959 47
823 383
11 64
732 818
767 120
255 962
399 465
129 157
129 576
976 984
201 687
813 256
101 142
121 336
358 744
875 300
916 180
936 853
845 261
957 118
303 636
246 306
122 433
694 444
89 680
550 495
515 283
485 469
938 447
663 371
776 312
82 633
817 39
321 26
603 57
715 317
200 905
699 522
947 626
406 872
564 409
703 625
880 96
523 607
198 339
608 27
221 815
865 566
704 102
701 168
141 977
975 675
776 939
564 766
139 342
505 577
732 847
493 171
782 719
845 243
681 62
166 849
723 961
906 572
742 837
709 766
853 118
710 786
16 357
95 962
966 893
53 790
384 883
719 992
813 204
23 553
467 699
266 379
142 686
803 592
422 366
776 121
633 925
832 571
851 265
962 339
926 341
582 148
288 307
658 974
782 979
186 549
634 305
393 818
880 213
173 281
183 409
33 190
380 339
932 605
991 476
185 176
113 435
242 899
499 614
616 65
390 348
154 765
653 911
44 269
513 613
623 390
662 549
751 440
540 263
355 753
299 556
230 784
28 467
283 861
765 977
968 920
770 723
915 883
77 81
695 274
472 512
660 486
890 713
834 298
365 438
528 342
711 990
6 514
681 165
293 668
665 470
869 996
749 207
261 178
782 933
377 189
288 878
183 680
78 120
591 449
459 640
485 895
544 234
12 349
246 46
161 798
200 410
644 256
583 268
145 124
463 514
448 814
927 592
994 877
966 565
237 699
143 779
882 253
991 365
810 756
221 649
939 920
796 122
113 406
709 951
175 111
547 14
394 383
640 417
617 346
144 326
955 729
670 236
349 606
993 974
151 214
814 402
959 208
689 481
818 881
486 20
822 873
783 413
491 91
980 115
662 604
316 559
954 560
707 197
707 280
541 502
620 897
617 317
398 243
366 569
976 56
225 317
277 413
223 122
460 408
59 253
318 497
283 177
545 649
621 520
747 853
72 625
732 122
859 125
237 330
628 590
507 965
276 400
42 511
705 920
745 686
289 547
766 803
412 717
713 854
610 320
11 817
334 320
75 58
45 446
865 557
66 965
359 957
645 931
643 664
771 889
275 252
388 1000
822 248
230 335
579 842
584 876
599 279
106 953
824 953
750 364
513 584
53 874
494 317
681 516
242 63
556 554
443 898
775 381
942 424
563 510
671 444
892 370
267 554
418 9
436 545
934 572
991 110
423 167
226 481
851 293
227 904
670 252
175 424
13 317
363 245
655 680
37 439
508 242
705 735
101 905
120 979
482 710
746 779
49 489
694 507
482 955
696 315
110 754
255 432
862 104
654 755
647 414
150 658
355 83
410 116
981 968
648 75
33 863
15 207
588 712
76 661
847 333
573 978
761 593
150 781
596 923
916 444
991 87
573 664
135 982
120 82
547 488
343 94
80 435
257 311
487 840
226 757
66 146
192 930
528 449
603 903
513 102
923 18
898 207
954 912
304 812
367 624
918 18
743 468
800 955
564 103
857 509
587 168
787 167
419 321
311 360
167 551
277 424
568 826
562 486
429 722
84 934
601 372
936 742
550 250
237 234
681 460
608 668
773 350
574 338
457 925
484 837
361 821
201 207
548 369
490 44
401 820
553 439
954 511
611 73
993 518
827 931
248 940
635 351
447 606
942 726
894 141
767 247
623 315
915 114
811 969
34 729
973 803
23 60
578 456
779 898
120 80
411 979
266 441
485 718
325 180
588 49
257 956
564 914
496 686
82 577
780 885
90 391
603 698
234 203
685 137
596 196
481 849
663 967
104 168
740 43
124 521
767 628
988 314
146 437
973 733
278 259
740 682
119 990
688 432
959 648
708 102
53 569
332 863
235 489
109 58
347 134
395 803
675 858
531 416
497 344
723 44
973 816
392 391
937 142
892 295
43 157
694 383
922 433
220 498
440 403
259 953
77 557
903 538
192 678
245 502
502 26
319 624
234 306
332 157
237 295
365 829
42 897
224 868
23 795
740 799
105 999
813 244
892 749
375 114
141 364
967 469
878 31
801 480
681 335
112 937
331 319
131 682
723 529
812 633
172 326
742 206
195 50
855 821
987 587
456 604
2 344
172 70
60 70
133 774
135 532
154 888
800 539
564 556
11 356
602 468
204 965
658 418
418 520
294 251
588 748
217 955
480 939
611 269
526 213
690 818
450 760
968 27
220 376
720 177
792 222
137 771
226 412
281 863
874 839
592 468
675 148
127 844
510 92
844 671
363 177
242 883
367 551
833 828
760 780
633 50
908 956
358 16
909 864
418 447
456 579
92 100
755 19
612 648
482 811
10 583
598 453
967 606
715 283
865 679
475 840
222 825
244 676
105 427
454 920
991 853
763 832
525 876
452 243
538 552
782 938
957 554
970 861
955 268
151 169
3 980
656 492
985 833
231 593
237 95
40 906
661 525
386 794
885 756
246 866
392 98
156 688
266 962
52 479
31 534
125 901
700 309
448 409
459 577
260 57
869 32
446 243
412 492
837 514
107 83
228 317
2 221
607 733
576 565
152 460
371 486
343 390
462 388
959 974
526 626
48 669
709 141
966 628
933 239
164 121
126 492
537 52
167 849
595 419
480 190
150 609
133 471
372 433
57 539
273 220
129 375
935 332
648 939
706 620
78 199
684 214
228 837
196 854
840 285
17 215
608 809
934 465
40 112
184 187
593 804
812 424
474 943
302 306
528 741
90 631
15 323
291 340
738 234
385 626
80 876
48 79
138 794
985 669
471 71
76 565
810 357
520 920
260 838
146 682
563 794
123 185
378 931
358 768
270 621
18 327
695 643
257 358
621 320
497 492
136 246
116 901
869 193
482 837
276 688
546 164
178 513
105 743
966 243
767 171
988 636
608 341
916 22
776 782
21 374
316 919
978 110
687 63
907 182
907 381
198 471
751 423
770 354
196 16
403 42
567 118
776 815
173 342
434 455
801 67
33 57
273 61
852 902
274 987
837 977
334 934
632 569
204 589
500 7
448 37
559 98
354 613
785 493
587 18
509 890
366 680
37 584
561 348
759 926
355 609
390 360
184 407
859 633
933 952
246 240
663 91
440 719
563 407
121 424
395 972
770 816
808 99
475 852
242 121
99 704
362 987
529 372
550 720
343 611
288 747
789 389
37 480
610 418
612 629
703 670
299 419
959 191
373 312
429 939
853 526
980 877
912 80
731 308
270 176
951 554
1 279
917 886
25 614
662 678
59 716
978 465
706 202
945 826
874 142
231 831
848 302
987 104
759 336
219 386
419 177
811 838
151 383
478 283
667 631
742 393
192 160
917 280
926 704
15 995
787 667
365 891
813 743
958 351
66 386
178 789
181 819
412 215
588 968
493 65
366 433
151 202
10 615
192 334
764 919
383 870
218 360
143 614
679 624
888 79
313 404
66 653
448 458
850 840
282 717
651 953
924 377
690 565
265 940
8 898
909 950
15 891
714 350
731 163
590 190
701 986
386 469
45 741
482 961
776 90
266 376
270 815
914 9
491 728
537 565
491 63
994 315
560 754
80 423
264 793
541 326
488 79
453 170
547 943
640 468
456 950
493 58
618 37
258 449
95 209
634 133
907 590
103 604
859 329
825 790
446 269
302 514
735 786
355 863
48 926
583 646
585 99
362 467
987 102
129 453
935 510
884 636
810 635
59 587
602 796
619 148
564 943
192 19
473 285
787 242
492 20
221 626
422 358
23 316
351 211
693 43
924 425
156 278
871 583
655 892
16 121
235 826
714 110
897 646
841 805
302 863
499 961
392 891
501 600
962 218
779 377
505 830
362 4
161 741
29 202
169 790
89 832
595 901
544 235
304 576
543 952
323 198
605 713
70 492
485 291
15 62
77 534
334 17
724 492
652 321
798 480
139 37
196 18
343 477
570 259
715 291
770 321
257 657
720 225
264 213
466 254
231 516
703 439
228 899
421 769
406 705
879 945
31 940
257 888
903 253
596 803
901 57
304 317
192 979
534 71
573 415
40 263
135 229
204 637
975 499
482 462
105 904
35 930
217 11
823 63
223 979
3 554
760 5
994 125
961 388
524 248
391 947
1 979
68 204
12 881
821 453
200 529
183 269
958 178
614 115
6 730
302 511
434 280
975 304
715 98
635 373
935 888
347 499
828 565
161 302
82 307
445 269
567 678
172 904
609 34
938 69
530 302
78 752
981 25
172 653
230 289
638 130
243 411
515 464
165 212
757 815
206 46
116 613
10 381
799 480
485 360
81 905
507 416
507 983
806 402
466 452
366 524
405 252
543 58
430 315
782 12
487 453
821 554
309 336
202 144
422 759
60 647
367 517
761 425
9 71
834 423
392 601
217 996
306 802
346 768
38 509
22 880
648 447
450 884
596 349
924 546
246 210
875 238
646 551
715 377
716 73
662 832
202 553
3 69
738 615
276 666
776 451
557 887
779 996
709 784
144 584
986 963
239 771
382 342
38 995
590 268
206 495
759 367
232 870
321 864
654 34
588 775
161 404
515 760
165 484
93 71
994 377
665 996
823 435
226 63
835 628
746 795
781 357
665 851
289 594
947 830
959 669
238 964
330 65
761 291
473 295
908 437
824 840
34 947
414 704
106 312
257 247
365 10
701 959
617 785
578 692
557 880
501 350
28 634
303 72
107 14
640 580
74 256
399 110
108 559
261 446
280 414
834 861
299 913
247 432
136 565
417 208
994 898
436 225
310 336
352 70
705 680
445 743
482 355
687 935
192 447
117 849
229 534
837 65
801 544
732 716
17 686
264 223
698 50
917 942
811 881
186 955
208 202
232 950
893 126
913 216
824 57
550 308
329 176
981 27
369 876
656 542
135 950
304 428
247 690
123 349
611 327
89 528
399 973
109 648
112 415
323 943
276 437
371 442
351 805
996 17
483 190
998 190
391 804
623 333
50 861
750 522
299 918
113 496
95 853
851 117
407 100
45 417
66 125
193 867
801 5
490 167
777 166
697 632
683 291
505 36
10 885
277 63
999 863
188 368
845 345
432 953
401 523
788 649
933 866
591 350
516 363
2 826
495 524
45 744
155 430
14 187
156 925
123 338
348 444
715 182
350 522
959 282
671 899
980 239
195 164
609 800
910 221
396 424
930 807
237 545
74 389
55 336
809 385
760 774
248 955
617 899
726 873
505 698
767 379
288 491
369 451
660 710
67 523
264 435
484 682
603 449
930 604
1 940
137 141
770 415
221 521
917 476
611 385
757 162
96 946
99 702
915 928
764 180
728 525
491 203
855 538
877 883
640 553
120 251
589 63
607 895
848 391
779 657
634 955
827 95
429 24
906 88
875 1000
14 409
697 102
698 92
792 394
332 447
958 522
650 475
262 13
579 733
909 927
287 31
732 371
199 169
40 225
55 734
497 755
782 885
500 237
10 432
853 220
466 763
565 797
782 781
235 733
750 283
515 329
275 556
322 481
42 314
351 308
961 75
218 713
929 98
305 283
452 252
323 636
455 353
538 160
443 44
814 13
645 57
543 12
547 969
89 916
54 646
588 829
38 716
147 906
756 465
459 755
117 952
440 642
391 213
690 963
705 614
605 606
962 235
109 623
517 626
508 159
477 512
792 953
560 918
280 291
544 357
290 590
912 606
82 539
92 889
907 761
494 529
260 380
812 321
885 789
219 796
517 999
841 201
824 271
623 572
1 69
254 104
848 117
422 472
499 333
995 624
779 82
48 472
379 931
985 247
765 70
109 983
702 686
95 260
280 710
382 678
411 333
655 636
15 870
417 102
146 604
491 622
934 470
517 54
296 27
4 468
150 832
27 342
391 99
874 37
142 642
217 657
362 977
643 941
589 89
701 298
663 727
150 819
640 187
156 308
585 721
125 130
398 489
143 741
699 163
258 506
739 88
440 553
10 514
939 977
890 539
28 299
790 693
975 480
644 266
767 528
379 794
995 863
537 378
590 492
477 279
371 268
427 622
598 604
600 278
677 925
158 498
949 353
753 178
273 357
387 493
255 678
869 81
156 412
84 97
871 647
638 221
894 440
877 710
300 839
193 762
257 92
97 234
840 317
433 581
406 202
637 308
579 824
343 400
143 55
516 453
921 307
354 843
202 293
445 470
193 680
750 129
50 883
489 356
914 319
40 208
475 636
238 425
689 32
597 734
422 320
155 161
543 392
284 30
530 857
794 176
324 229
659 58
273 779
570 611
386 607
585 217
811 832
332 306
200 896
173 317
543 852
853 842
529 624
201 633
991 503
810 197
888 797
776 983
121 536
485 7
845 307
86 368
768 839
736 849
14 142
55 174
147 57
495 170
426 439
557 969
591 897
726 832
59 773
673 377
531 927
736 628
460 24
491 964
954 436
497 842
6 513
150 762
738 822
932 407
228 283
709 78
767 269
640 741
370 769
933 928
821 929
628 965
737 157
976 248
133 630
33 851
560 455
193 585
962 295
564 986
545 184
871 693
488 418
235 702
152 286
680 577
400 94
476 700
683 854
728 186
351 236
740 858
195 852
501 287
488 679
822 604
143 5
664 682
844 291
2 666
25 811
302 453
66 50
601 114
742 847
440 188
677 141
917 894
129 773
681 848
494 474
354 716
959 377
129 827
651 212
193 480
884 169
105 444
732 293
501 380
864 416
37 714
976 682
846 805
623 934
687 670
246 442
235 554
546 33
782 763
641 424
351 829
182 72
368 591
863 57
666 999
900 642
204 189
406 223
299 499
891 381
576 146
837 233
838 745
358 850
895 1000
53 635
220 253
185 837
460 595
689 671
120 953
500 714
870 577
378 964
434 114
677 182
933 961
570 909
681 167
567 335
958 987
771 248
962 390
796 753
357 464
785 104
106 7
186 928
896 499
426 682
860 489
660 766
440 943
460 774
719 444
927 925
244 393
799 953
817 538
798 516
161 30
405 853
951 132
972 834
195 721
991 712
975 215
481 748
773 599
997 273
798 962
33 878
638 72
142 121
472 932
368 768
2 620
168 327
954 224
23 428
759 315
669 283
727 743
322 615
349 63
359 895
487 938
257 346
224 110
758 58
510 513
778 761
231 615
543 364
51 281
151 802
695 876
590 724
55 518
921 899
294 592
225 372
443 317
154 952
452 744
370 830
576 615
594 148
406 883
558 876
280 575
655 836
292 761
362 253
640 1000
570 499
643 10
510 454
535 132
131 613
292 100
101 901
461 366
190 686
690 568
450 309
540 800
966 191
965 64
988 821
38 532
938 91
205 61
958 30
944 366
614 556
689 176
303 890
750 822
567 371
145 947
3 557
594 303
707 513
544 429
671 559
232 447
488 969
656 918
325 532
930 662
145 182
736 458
548 830
422 401
346 381
617 812
172 616
302 843
875 458
696 786
34 649
200 609
293 881
40 811
684 569
985 933
705 708
298 18
281 122
906 920
427 442
450 268
585 132
767 3
53 268
58 268
898 526
103 716
43 167
338 830
652 481
706 860
596 496
965 870
548 111
638 462
199 103
610 970
957 645
707 809
757 804
922 605
279 250
192 132
673 682
359 127
507 50
90 121
951 147
275 41
221 963
723 646
331 679
99 160
355 887
524 327
49 471
801 113
103 498
603 141
469 286
383 431
164 492
809 542
37 437
985 277
764 622
8 998
869 183
264 901
781 363
32 417
984 702
750 849
487 341
397 98
36 806
667 76
95 278
579 510
784 245
659 771
197 43
351 952
590 809
328 851
558 790
482 432
209 648
382 424
393 449
654 485
785 733
950 762
255 144
661 381
720 215
847 897
150 4
759 213
11 718
194 34
910 803
140 42
729 904
398 424
588 995
916 301
884 887
683 953
558 240
923 437
279 317
48 547
450 286
783 63
287 625
4 259
664 806
212 971
398 54
857 188
137 259
810 583
289 951
226 981
575 965
172 966
618 217
546 426
665 71
17 470
813 666
780 247
867 470
21 789
651 688
377 925
414 117
179 70
841 719
96 897
681 136
494 845
669 449
193 294
907 923
430 437
430 878
647 649
922 789
537 691
501 437
543 329
348 489
325 615
658 891
680 291
254 189
791 823
57 26
348 162
526 866
169 350
188 238
978 41
981 561
528 216
69 189
936 300
35 357
588 501
695 563
255 134
954 763
223 839
97 44
885 59
635 946
669 735
693 30
732 898
154 334
594 513
644 438
477 882
916 713
352 553
347 260
738 858
501 525
238 713
230 313
156 677
106 520
622 592
128 20
956 599
938 627
685 848
700 342
367 741
618 184
582 279
947 321
219 680
438 970
963 13
369 465
757 216
139 715
575 971
281 368
192 224
284 849
347 814
602 951
109 271
878 743
70 153
365 496
629 414
848 982
705 115
959 151
4 662
103 534
140 540
414 71
859 259
533 325
94 524
19 946
133 423
97 406
316 542
480 591
751 192
780 7
201 904
594 632
469 104
180 253
456 606
865 819
630 637
739 285
776 678
851 234
93 971
429 682
673 436
175 369
677 388
933 735
842 427
788 54
926 580
506 712
791 668
558 818
711 126
744 895
962 708
66 704
529 216
583 293
825 628
570 679
387 213
683 57
223 256
505 632
228 861
638 31
998 754
105 46
412 702
395 350
767 41
531 304
200 246
643 298
292 785
570 180
723 536
979 57
173 18
28 334
12 144
675 464
478 303
753 142
623 783
949 437
205 886
864 592
226 774
958 47
660 259
540 297
20 554
123 498
896 434
263 9
146 762
256 326
68 940
441 974
351 311
667 517
962 655
155 447
458 613
228 864
873 646
140 118
179 53
967 52
597 686
438 440
21 384
574 238
280 593
753 311
246 111
764 630
910 379
767 214
418 739
55 876
22 956
725 867
906 937
242 492
103 206
359 405
362 529
97 6
26 250
791 1000
74 518
443 269
709 250
425 364
148 271
550 604
596 656
441 284
441 983
850 503
975 347
596 247
390 594
210 163
265 724
341 886
410 963
770 619
823 542
398 653
738 320
836 988
22 389
543 500
685 922
255 929
185 144
779 647
225 236
246 836
135 748
562 344
135 529
785 386
362 71
597 71
774 581
42 215
246 3
450 730
136 677
367 863
564 571
800 412
985 618
231 867
328 640
181 442
588 78
145 892
679 353
40 1
113 670
919 357
644 910
836 250
125 920
92 301
967 310
868 96
557 982
869 265
228 391
764 900
910 784
133 889
732 893
531 327
454 577
143 533
476 905
475 947
438 293
313 391
97 434
813 977
408 259
651 449
421 7
744 626
655 580
787 107
42 840
441 555
723 924
705 377
500 355
7 833
113 908
249 37
874 372
677 877
652 134
878 844
776 888
792 141
994 300
260 184
316 333
944 622
707 26
85 402
50 225
620 584
586 63
666 863
723 161
697 894
563 486
37 816
103 563
776 619
596 116
83 27
981 56
582 67
106 152
107 353
697 385
328 807
745 402
663 973
958 551
991 942
273 889
337 626
727 691
782 266
12 705
549 517
768 468
94 809
292 900
597 509
529 100
294 951
563 76
618 788
781 826
218 682
623 46
274 577
614 168
369 818
405 212
316 324
941 386
29 712
466 802
841 227
487 632
892 207
936 372
459 250
81 566
367 88
135 785
289 14
466 104
281 631
547 996
913 100
219 23
129 344
700 356
370 524
921 164
617 104
184 883
378 361
508 662
126 971
658 765
702 826
258 751
741 636
467 282
670 601
618 137
960 552
908 373
33 88
965 599
791 212
608 744
792 155
80 964
481 721
326 207
981 745
907 762
30 170
131 504
480 503
472 983
657 670
314 843
859 221
607 832
174 729
258 556
8 281
283 571
359 922
490 911
515 801
502 569
238 877
844 888
684 741
25 96
157 551
523 116
276 656
567 969
86 532
517 606
972 130
97 310
669 307
561 906
954 883
690 878
223 527
396 19
712 634
291 831
823 526
738 315
607 824
919 847
813 787
227 46
378 594
249 937
875 968
537 193
896 726
55 191
669 511
848 73
279 439
304 257
379 839
360 883
450 598
420 334
549 309
129 763
328 860
183 684
516 927
701 47
436 680
617 519
45 22
501 519
801 761
839 282
288 532
276 546
755 843
2 286
628 385
494 902
461 806
912 137
209 216
135 37
140 765
289 886
252 519
805 279
291 804
715 883
148 838
574 667
576 214
596 620
47 18
688 863
709 262
33 877
124 727
991 960
81 872
860 520
627 248
495 804
791 821
186 555
428 233
959 212
728 768
450 996
90 850
680 163
111 503
136 171
45 15
747 381
468 189
576 721
914 435
860 814
55 513
183 176
365 491
578 27
559 47
543 752
399 711
697 55
153 979
563 159
109 312
828 50
878 883
884 756
441 774
260 334
996 571
598 626
103 48
655 839
476 953
507 584
181 273
440 371
798 873
970 302
699 627
136 570
208 934
210 259
28 286
835 662
266 440
421 822
841 469
257 338
149 356
795 36
962 812
924 155
179 428
910 483
103 733
949 722
415 170
346 114
476 786
365 716
97 345
850 121
707 512
743 315
359 615
603 6
824 804
608 334
272 571
585 923
147 675
706 545
497 87
206 483
426 512
134 282
399 733
936 955
653 96
747 999
179 114
976 632
601 826
255 295
537 242
459 802
562 836
545 114
501 566
33 1000
485 591
161 265
109 83
110 291
666 587
373 442
903 674
355 664
652 482
619 849
249 670
947 819
965 176
24 901
36 911
73 899
37 338
681 521
60 931
521 439
223 108
867 415
563 451
233 114
586 950
127 384
52 326
27 818
757 569
78 106
423 160
67 503
158 407
107 419
235 374
221 716
448 432
143 923
829 13
297 132
182 908
139 729
38 842
820 590
51 931
624 977
595 168
145 456
665 228
369 554
760 754
231 851
335 621
841 574
197 69
767 899
993 381
205 191
427 710
703 527
891 983
570 774
857 670
604 971
950 492
296 44
224 301
683 931
40 858
406 243
192 838
181 223
49 406
60 496
544 37
787 458
739 901
700 889
737 993
295 649
648 473
884 237
243 236
120 989
462 816
670 373
731 215
986 381
489 291
608 167
3 560
611 210
958 314
725 976
800 521
998 492
263 854
455 889
732 211
698 879
643 239
827 65
143 112
335 990
617 735
306 253
359 658
10 348
324 538
326 802
660 521
936 583
921 783
150 28
406 321
374 350
299 915
233 442
582 452
450 541
623 215
806 285
882 418
699 376
494 281
641 525
462 326
600 302
528 59
687 234
623 324
935 317
341 568
778 228
287 339
687 731
372 451
305 828
89 50
966 833
400 733
829 989
459 349
99 62
764 989
491 167
924 110
981 560
530 552
711 182
201 135
508 313
628 993
313 683
777 129
962 722
230 956
784 616
837 754
692 734
368 435
29 249
383 301
668 864
425 818
869 161
563 699
523 953
230 527
674 890
988 789
930 925
751 205
957 935
989 584
510 188
901 177
478 329
959 432
796 886
230 853
983 995
105 656
966 34
218 100
145 332
359 98
296 61
3 625
910 386
685 736
719 615
500 877
680 793
874 389
341 858
243 342
463 507
181 470
255 371
188 928
595 293
309 592
725 708
959 557
195 166
32 772
619 963
62 552
878 34
988 889
954 57
855 191
169 986
916 354
280 755
159 439
603 142
227 822
11 837
323 64
305 96
155 427
749 282
550 926
496 187
594 806
349 802
997 721
562 319
728 43
835 27
90 804
363 870
487 713
570 335
607 285
774 104
956 432
633 293
999 536
446 744
395 829
751 509
420 385
277 305
133 604
3 821
264 986
384 826
855 275
126 160
237 99
221 297
629 23
41 534
742 377
634 194
637 556
619 481
983 79
6 860
469 998
695 379
643 186
935 925
574 632
97 287
860 661
601 702
546 604
998 989
68 136
767 499
239 620
773 339
131 976
726 743
198 940
359 694
536 708
15 495
166 679
408 391
944 713
999 385
858 899
927 879
732 872
277 854
566 722
932 897
204 560
45 939
501 906
184 532
874 169
781 256
79 13
97 698
741 18
905 854
262 315
726 516
146 754
867 966
936 70
701 303
350 167
23 263
262 211
46 17
781 471
266 299
378 52
896 313
932 18
933 236
448 153
206 577
392 157
541 272
378 490
359 203
868 190
770 539
482 464
275 862
954 527
991 459
665 976
850 278
560 69
68 122
935 451
211 432
888 901
329 447
142 551
586 236
610 984
989 225
855 837
97 870
290 316
737 989
959 468
194 315
267 83
766 493
841 954
146 800
698 789
638 210
51 866
223 489
723 720
650 45
500 148
154 963
737 462
450 426
730 946
486 308
15 518
695 160
418 505
684 337
461 106
120 927
230 595
103 110
450 902
767 530
182 790
737 621
261 251
723 558
562 775
617 125
8 927
195 614
508 960
791 749
608 803
461 219
85 693
223 906
385 479
705 376
724 889
392 397
275 731
696 763
677 423
120 419
382 285
292 80
497 184
297 43
150 968
467 864
908 138
892 7
729 854
508 678
714 73
149 709
509 902
594 680
239 566
66 446
60 721
294 840
761 511
207 20
121 339
709 434
907 622
798 584
235 992
736 715
366 224
661 976
666 682
60 141
392 944
456 22
810 757
943 625
638 379
659 978
778 982
53 341
821 44
862 46
991 773
209 718
761 217
335 426
154 930
74 620
677 789
812 711
143 137
699 521
421 98
784 332
133 552
225 479
723 328
48 645
450 444
362 726
359 97
641 538
145 96
608 24
420 814
827 486
919 340
441 834
832 592
230 406
742 775
968 176
241 969
80 920
740 41
867 675
744 940
190 71
467 250
503 157
412 521
676 923
252 840
663 192
665 852
888 620
562 904
27 866
266 662
376 682
469 569
475 251
536 551
222 771
777 693
406 657
758 698
963 350
379 519
68 567
80 496
436 710
442 754
921 259
960 215
853 937
172 533
192 341
618 613
140 340
226 959
231 275
255 403
990 521
40 684
38 383
441 716
497 451
745 925
62 625
46 271
263 895
431 946
896 905
895 286
109 255
612 928
738 309
240 775
107 923
258 743
150 866
104 631
564 536
362 358
986 995
149 692
750 472
665 32
97 243
188 412
405 600
351 674
616 380
546 824
302 489
227 661
394 387
621 245
287 202
896 284
515 899
256 416
701 189
370 377
426 423
852 831
118 730
358 670
358 803
894 316
967 414
533 74
311 815
366 245
2 328
477 910
663 512
447 902
500 465
856 315
617 428
614 920
400 913
430 945
841 443
54 342
994 789
838 79
495 320
789 960
420 668
230 788
84 903
546 54
125 96
487 74
987 293
827 412
165 284
405 307
43 80
797 340
771 945
89 485
549 75
40 372
3 264
349 577
794 5
200 406
428 669
527 435
270 599
401 740
492 360
640 993
239 885
938 683
530 361
580 82
874 557
781 207
530 699
68 782
783 74
452 493
6 187
74 253
332 766
593 887
703 291
707 538
674 714
206 18
765 998
747 601
161 600
695 101
709 517
609 919
59 344
707 812
912 324
703 432
299 950
673 527
874 486
711 542
565 622
382 549
533 235
526 65
274 821
855 759
596 814
134 435
798 147
936 411
305 73
166 334
456 566
770 53
839 64
750 208
494 493
701 747
540 821
354 256
120 133
764 814
358 470
529 479
456 781
628 854
331 906
243 489
392 802
669 840
143 336
801 891
270 545
491 704
516 282
738 707
225 73
499 662
226 482
845 459
912 909
251 931
430 669
474 388
15 44
94 559
665 420
630 342
977 861
444 969
139 675
925 512
140 376
123 656
197 377
949 868
949 479
707 318
835 87
149 945
644 112
997 669
366 797
1 36
910 625
208 216
161 761
161 812
715 325
148 437
302 993
641 883
32 575
382 708
346 270
234 542
57 553
576 631
204 904
86 630
152 787
616 344
209 806
461 916
838 774
80 317
179 122
588 998
325 13
673 505
810 885
859 556
746 184
348 250
104 881
48 558
255 305
270 552
967 207
773 284
2 368
274 749
97 822
906 16
651 610
200 396
229 626
32 18
711 306
713 215
35 488
658 720
491 545
628 553
461 320
494 53
956 96
331 952
796 44
564 910
563 958
824 866
801 885
821 468
736 474
275 831
369 960
509 451
274 333
304 769
155 680
799 93
621 210
723 630
490 33
271 745
736 329
94 964
737 800
850 668
494 848
643 73
392 526
981 783
871 992
310 389
142 947
308 479
611 286
582 624
461 188
651 980
67 883
769 333
488 102
35 36
445 911
276 887
275 327
558 464
579 111
907 924
467 26
443 379
894 104
846 547
662 370
757 522
578 889
703 25
335 19
299 914
543 21
66 955
912 583
440 178
452 861
90 504
771 268
386 818
6 572
596 511
944 872
82 283
390 224
469 100
324 825
290 633
755 717
147 992
222 356
830 952
887 114
546 903
429 769
873 512
378 174
967 623
933 306
534 465
738 203
884 30
151 468
480 756
46 250
84 614
86 925
909 595
162 527
896 350
218 13
453 599
129 532
222 390
22 99
831 971
155 969
687 824
725 117
304 831
709 491
277 844
287 133
461 124
953 268
627 280
645 815
354 771
705 233
139 719
764 391
656 120
150 273
694 53
201 273
165 398
412 389
365 204
997 319
46 117
741 555
80 649
338 856
765 614
296 120
46 327
174 376
196 539
412 584
714 527
468 613
788 839
508 452
474 11
844 587
774 886
332 221
97 381
499 714
90 446
121 631
746 479
379 599
288 256
302 598
239 960
131 330
994 510
228 493
448 454
873 976
378 580
89 468
696 364
474 496
827 706
289 423
149 280
650 898
661 526
725 692
689 307
746 292
864 372
714 679
81 54
693 300
898 212
511 58
1 532
811 864
545 10
560 923
871 668
33 416
400 434
56 895
660 688
292 61
588 475
644 986
619 265
506 675
66 717
566 357
235 189
788 829
808 448
751 614
347 868
758 597
611 934
23 353
478 595
245 364
944 24
156 774
162 524
217 272
805 447
2 444
459 168
620 953
387 545
781 763
966 130
785 404
637 914
753 727
996 828
204 311
644 752
922 876
151 114
851 245
165 651
695 372
86 518
29 487
927 72
188 419
452 104
405 285
914 504
255 46
2 779
443 525
405 190
501 319
563 995
855 480
638 62
97 678
587 402
991 448
237 202
845 832
203 397
666 559
185 719
746 135
674 360
530 110
289 369
990 555
347 551
23 495
779 853
445 142
635 383
43 317
485 194
287 458
271 310
764 684
644 905
654 613
244 418
463 606
227 737
129 760
598 901
747 317
471 213
400 117
314 16
867 465
405 626
448 444
835 568
429 321
711 590
855 549
694 824
182 877
370 286
515 448
845 889
972 327
600 418
421 21
155 752
497 314
13 754
197 251
962 211
994 554
972 470
594 897
150 163
579 113
925 413
798 661
602 631
392 323
287 886
936 282
688 96
29 112
669 920
448 260
29 910
980 914
545 671
769 180
109 733
642 743
681 576
133 327
457 4
480 271
703 361
908 368
11 642
700 64
656 189
505 377
51 206
255 987
351 925
239 552
938 826
427 364
469 229
889 849
196 285
90 885
180 44
491 388
582 404
676 513
299 356
967 144
959 95
193 837
602 5
610 146
238 404
400 384
994 699
95 415
260 608
299 711
601 843
798 559
395 414
322 48
949 214
787 295
399 638
697 787
684 979
719 897
681 967
315 327
747 117
489 462
671 856
471 88
329 409
944 908
66 503
611 962
332 92
995 940
578 220
192 911
541 819
377 389
231 486
417 132
201 855
476 898
812 803
667 414
121 389
456 644
16 364
259 409
732 507
49 807
166 486
137 963
852 1
198 800
654 315
948 167
575 730
165 155
712 13
400 521
578 782
647 360
869 50
544 567
407 889
764 549
230 260
750 624
951 945
863 819
165 108
827 505
648 10
477 293
474 213
688 502
835 361
585 228
33 167
459 340
751 142
273 187
129 350
37 637
129 756
892 590
477 358
667 986
579 281
942 208
726 13
509 17
420 337
255 559
875 131
493 870
676 757
573 951
77 291
976 471
120 727
456 518
690 159
48 302
910 119
839 439
270 413
770 730
219 311
835 355
728 352
313 190
868 336
699 534
942 580
852 127
429 527
798 983
506 796
506 713
35 744
934 216
627 918
846 14
915 881
895 734
779 684
193 372
352 584
801 194
696 1000
640 301
382 896
37 614
679 955
423 977
663 513
434 804
117 100
713 18
758 381
358 631
746 37
860 493
401 205
113 688
674 202
477 634
167 207
173 300
29 551
391 64
708 646
378 666
307 624
289 205
823 93
37 856
955 624
45 882
500 678
907 46
289 779
548 737
915 555
91 886
111 519
355 174
110 498
350 26
278 920
267 265
483 837
194 904
998 641
891 677
175 512
341 317
894 317
788 126
1 357
954 325
220 724
40 285
684 734
741 539
392 507
368 444
405 396
175 186
303 412
108 268
176 170
76 315
738 961
257 327
651 380
249 967
535 187
305 312
833 649
941 992
128 799
257 445
473 330
496 536
980 186
365 634
140 1
358 840
107 446
967 1
991 615
770 136
681 355
664 293
973 620
78 635
709 572
580 631
193 326
299 182
251 5
150 967
549 970
452 351
55 39
865 436
891 240
120 50
944 191
618 999
569 982
196 399
118 790
419 168
510 700
629 260
303 925
459 532
647 906
318 958
29 906
383 982
579 133
893 826
249 536
149 540
41 330
680 569
515 386
402 854
4 678
348 818
408 593
136 960
598 207
266 172
505 236
519 61
113 344
217 877
805 495
455 298
347 191
991 500
794 710
367 520
614 430
235 587
164 218
589 760
91 768
129 877
129 720
149 354
722 356
942 236
596 667
839 849
695 443
489 551
455 584
149 621
68 790
595 317
944 939
780 812
673 934
90 930
281 605
12 607
978 370
914 571
644 699
257 964
477 758
973 721
415 902
335 7
120 886
820 324
555 581
381 571
239 940
609 341
22 214
728 256
81 521
544 788
119 572
480 180
640 300
605 214
109 924
2 374
811 699
647 412
540 250
687 5
191 447
853 920
896 641
358 755
347 302
240 804
701 510
221 554
497 55
207 160
119 830
267 955
150 235
654 481
359 37
108 414
200 71
181 939
83 61
662 828
753 218
475 908
570 333
938 559
48 11
603 788
379 571
765 872
35 653
569 18
183 541
129 206
383 847
792 367
149 259
668 789
227 178
181 351
798 837
585 639
863 424
159 99
841 595
436 142
935 265
810 127
644 386
811 458
206 895
246 952
778 657
59 631
963 64
22 532
162 225
271 447
878 923
718 353
244 427
848 853
884 454
759 33
393 632
310 622
893 965
785 722
247 176
11 631
738 841
429 613
601 44
687 639
211 816
723 588
855 835
164 278
536 279
699 680
5 826
260 436
776 549
619 944
765 124
150 346
894 789
950 470
182 283
845 633
517 539
919 584
855 990
40 183
390 995
10 408
601 462
802 940
31 34
714 538
414 883
859 980
823 717
935 584
845 684
792 969
764 789
244 503
670 64
998 637
51 560
694 858
697 230
128 242
602 111
220 360
204 959
667 305
151 128
813 253
463 914
281 847
903 976
910 809
54 702
273 242
917 825
510 481
810 299
331 843
995 342
746 904
743 940
742 188
139 156
928 251
370 411
472 825
750 204
841 732
258 249
919 577
25 85
228 628
373 50
417 744
46 317
84 752
395 944
452 679
668 522
822 151
825 945
347 309
461 460
258 104
367 757
833 590
888 955
926 843
874 408
85 36
286 554
656 606
958 941
669 649
778 606
648 122
229 940
922 514
652 674
746 734
103 79
323 118
12 992
876 333
70 284
842 205
8 316
845 666
477 843
611 520
597 511
229 64
910 276
732 711
109 242
586 643
132 551
29 815
758 984
373 704
49 733
472 634
443 675
51 779
841 850
938 379
205 285
976 271
781 799
502 889
706 341
379 598
505 919
508 581
143 214
815 117
823 624
60 816
668 167
226 593
875 693
143 418
313 986
46 920
302 339
712 30
485 216
266 752
776 742
845 222
264 243
186 429
574 370
206 375
281 407
43 384
506 974
949 661
650 696
515 311
241 864
719 63
728 260
353 207
443 240
281 205
798 127
493 704
766 549
658 24
776 426
110 969
21 115
204 841
882 180
185 92
131 293
131 591
723 882
406 34
281 689
67 333
321 538
585 392
948 372
436 542
770 193
473 711
936 574
294 153
591 733
777 766
540 507
580 568
445 462
67 903
673 96
935 57
547 964
289 820
119 840
181 825
921 413
217 291
59 686
480 20
852 706
300 775
644 872
181 197
448 562
841 470
693 291
641 340
382 970
723 619
421 251
169 850
594 360
705 800
798 102
304 967
66 250
