876 999
738 311 -694
102 709 -265
568 846 -902
476 394 460
545 859 -173
322 428 -558
108 653 346
152 305 -138
567 464 -69
592 564 -860
22 682 -417
9 592 886
105 498 733
650 157 83
857 377 489
775 303 358
277 14 916
568 212 991
24 230 192
420 389 798
337 412 -786
417 481 -348
10 333 769
820 637 694
45 461 -613
77 757 -90
31 422 -140
161 487 934
78 386 518
148 455 114
252 30 -938
833 268 824
89 612 -694
193 560 -544
149 84 803
415 590 594
711 334 -458
828 15 -135
663 636 514
254 146 -394
684 490 -862
143 724 -459
697 822 -354
91 238 -601
702 381 54
672 357 -214
667 436 894
341 59 -356
146 833 -238
16 233 -962
488 525 471
9 824 -612
826 405 566
166 282 -198
628 52 230
256 332 500
204 207 -516
653 334 117
62 832 685
777 426 370
370 855 156
449 407 -908
266 624 -47
732 185 804
745 854 -189
74 318 -423
526 483 -427
825 401 189
191 830 -535
354 416 -141
660 684 536
57 753 348
680 770 -875
808 704 464
634 46 878
273 249 -138
251 387 469
866 445 -493
770 202 -869
11 613 -748
224 759 -136
775 10 853
748 264 521
453 406 -847
538 288 -838
273 591 155
389 509 -243
394 158 508
652 158 -234
184 346 -745
475 505 -580
179 612 -777
236 873 932
794 440 63
602 298 -686
84 830 766
516 247 14
626 504 484
691 18 369
312 372 -581
627 585 522
337 472 742
312 422 -578
847 167 8
685 656 -455
678 161 372
5 741 269
530 439 41
864 513 974
730 132 684
127 521 769
114 803 -638
787 134 396
853 640 106
136 157 -451
620 677 258
122 863 -217
185 438 -871
346 534 -341
216 419 -757
852 193 -764
869 796 637
551 150 228
672 112 267
690 789 -59
2 323 -172
235 454 -815
707 617 106
678 420 46
96 350 62
101 261 -141
749 681 261
666 578 114
833 184 58
435 793 -337
714 795 953
876 720 78
684 184 -560
455 438 620
860 674 181
815 110 933
453 378 202
105 248 279
698 752 375
705 218 -87
180 524 -967
160 508 -922
46 781 557
217 868 264
324 829 638
688 733 -756
595 311 -612
205 653 -506
27 26 -690
501 274 872
180 588 -172
147 128 74
822 608 552
735 3 621
866 329 -942
710 867 730
339 116 909
543 647 97
750 656 -362
785 227 -813
215 654 846
64 419 -592
691 105 -177
48 706 -184
4 332 794
10 813 -895
680 264 -315
181 824 -951
272 175 282
791 261 366
259 279 -657
619 522 723
346 593 -879
429 795 446
575 406 -906
531 48 745
793 636 601
718 742 975
770 378 34
577 748 -711
822 380 -419
817 150 791
15 107 191
171 361 -191
274 745 -973
153 17 -888
117 230 65
846 721 212
835 69 17
490 737 -82
442 268 409
625 857 6
552 346 -932
112 801 116
216 389 999
44 667 92
610 728 -245
407 24 -958
384 702 -128
719 264 -34
660 513 -147
781 607 136
770 336 600
810 112 -231
352 429 921
207 828 44
722 666 737
198 332 -364
345 411 -517
604 298 774
375 291 -556
865 668 416
800 380 318
368 663 277
763 621 593
363 602 363
171 735 325
756 721 -245
639 23 591
232 732 -914
827 102 -78
629 62 843
424 580 793
81 213 460
716 746 -866
776 276 19
608 827 -665
292 288 464
413 541 608
67 72 -240
367 340 852
60 834 352
127 694 742
42 124 315
549 260 306
115 98 -313
356 259 -365
322 606 -375
644 805 557
364 139 175
762 741 789
131 143 355
770 676 -548
779 276 -849
228 309 -984
750 363 472
71 294 -450
245 651 971
738 702 -86
479 574 -426
856 2 -409
395 428 -732
594 577 -461
313 523 -288
471 505 991
42 483 -594
490 78 575
508 414 46
509 642 154
875 741 -522
132 590 -908
798 407 81
827 236 726
680 15 -87
431 262 702
244 463 192
860 783 -746
487 550 -879
163 172 172
254 435 951
470 306 -919
433 519 599
765 185 644
435 22 620
227 5 315
860 448 -12
89 209 935
504 3 166
524 259 652
15 636 183
283 66 388
188 318 -972
670 196 -993
785 761 -551
169 5 817
865 351 295
718 717 771
307 768 -505
317 172 951
548 739 -873
802 622 -860
85 451 -267
610 408 -143
505 731 140
605 124 763
104 331 140
838 453 489
208 30 494
571 761 -378
244 91 -620
614 171 302
166 653 -178
206 130 -132
130 358 -870
319 127 -862
579 393 199
863 321 304
610 585 -676
659 564 -347
4 741 792
453 804 -787
797 430 -211
742 459 -972
805 362 -295
781 686 -606
519 287 483
744 364 524
516 325 -450
520 856 962
194 360 -970
332 774 -255
13 5 -609
235 213 -677
803 118 -595
540 651 740
286 788 -779
819 115 -682
7 681 -848
241 520 -600
711 595 73
571 618 -873
340 101 -265
780 529 -852
137 631 -300
414 558 592
361 385 40
834 831 44
833 552 -833
737 649 -118
545 226 394
245 150 398
853 812 -826
33 506 347
476 209 -275
824 535 -237
139 476 -973
592 537 764
594 849 740
320 638 884
805 102 790
240 175 34
339 331 -380
446 817 -827
202 320 811
34 586 760
440 244 670
415 489 -129
167 760 -287
125 743 628
645 687 541
316 512 -77
106 15 -130
849 245 -147
492 55 -642
281 644 -869
272 250 -207
829 442 -553
61 142 -120
28 744 968
402 476 997
741 343 342
219 332 19
404 452 -143
75 601 -445
647 248 -690
6 660 -357
465 144 -750
859 134 61
659 2 -417
124 835 -820
505 128 187
790 813 393
524 656 437
370 147 72
496 585 787
495 535 -373
125 301 -80
556 133 693
706 519 733
824 760 -662
382 131 233
527 514 369
739 221 88
744 781 -867
211 343 -754
522 375 -210
460 555 422
264 416 561
622 196 -560
8 352 355
550 166 -566
181 201 315
651 645 -269
247 370 -820
385 673 -948
809 218 59
621 176 68
49 753 -975
876 655 -63
474 244 343
741 397 996
489 25 -638
126 99 -169
520 534 315
276 340 75
707 93 968
489 825 -201
617 779 85
767 697 399
634 743 -366
137 432 -821
682 232 925
471 637 -383
327 851 -632
657 173 -247
586 444 570
384 348 313
87 277 -106
457 155 256
523 402 332
646 381 902
254 533 -851
334 349 -921
325 822 -752
726 692 -143
173 48 -246
455 278 514
473 124 -710
376 62 -250
490 542 533
372 628 -51
712 684 -869
213 579 -812
415 262 238
635 202 785
546 122 437
39 177 -106
850 791 -613
92 638 -319
734 79 -293
731 172 -768
175 118 67
61 286 -277
548 401 -449
710 538 653
74 356 760
187 184 551
441 352 236
450 373 54
819 662 284
306 146 -604
824 136 26
776 118 -599
243 83 -368
199 257 524
611 356 10
515 772 956
449 289 287
790 133 -186
331 62 739
259 768 777
532 791 247
88 286 -895
811 491 -798
812 660 774
662 809 -47
348 136 -795
566 772 -89
359 308 -936
456 378 -292
773 308 270
365 573 -832
161 301 831
839 385 -342
248 748 426
381 658 -125
721 698 -919
193 19 600
359 508 -629
311 117 -69
714 733 -394
813 796 712
792 394 454
479 103 247
412 136 -31
782 785 162
244 461 214
739 177 970
616 375 618
233 619 -147
391 665 231
381 628 232
464 362 174
397 612 187
724 250 997
9 295 -306
81 694 -459
146 753 766
521 65 437
296 353 -45
80 90 -482
87 148 -882
493 722 -756
589 362 803
234 789 -364
623 865 -826
175 584 -602
797 530 -305
718 679 -830
552 839 139
502 800 386
396 747 980
282 564 -536
34 850 -132
422 508 -517
434 821 -759
611 186 482
745 174 -911
826 832 -703
397 417 228
592 527 -411
608 694 -859
52 154 -325
677 34 -407
707 102 124
341 116 534
634 815 292
49 624 -539
456 278 250
152 608 -78
765 406 -335
390 714 -583
78 509 -176
617 86 424
92 755 419
70 866 589
798 480 545
475 329 -959
3 50 887
399 230 339
865 599 -845
95 800 619
814 676 -920
255 199 917
44 648 -888
495 712 286
40 669 -958
50 740 -763
393 667 436
575 354 55
667 120 -129
729 798 -335
783 237 -553
735 386 -907
378 842 90
843 405 -643
715 822 -157
483 293 -479
670 221 839
224 533 -141
741 74 665
388 432 464
75 655 301
151 198 -52
430 702 47
468 694 954
120 442 251
870 602 965
335 491 -7
450 485 -346
581 507 433
730 93 171
55 231 161
300 530 -965
456 843 -73
448 850 203
286 138 288
44 419 -901
684 341 948
652 142 994
194 105 -308
541 693 -8
88 306 605
137 222 355
852 40 571
123 748 212
98 458 -138
843 774 -577
408 738 27
752 426 -480
439 812 -307
336 758 -520
255 297 85
868 566 -444
664 817 689
787 808 -912
446 779 407
143 822 468
330 83 614
735 178 -673
445 665 -795
389 151 -264
119 412 -50
419 372 -303
259 754 -607
341 533 697
569 848 26
565 269 502
111 201 -570
334 567 15
602 812 -709
227 805 -540
532 662 -44
782 811 -556
514 393 -724
255 629 143
814 35 615
497 131 653
55 143 -599
302 229 926
566 6 -962
691 387 -269
73 685 -337
276 829 -145
509 835 357
840 510 -399
833 150 -561
367 259 -444
831 51 -886
102 427 502
196 204 -982
270 751 376
343 689 -464
11 224 225
329 563 -280
548 367 -497
807 449 702
31 696 -670
143 429 -325
311 737 696
461 407 -275
512 158 577
9 214 -241
565 363 553
644 34 -372
12 172 488
308 708 -677
609 280 552
348 844 -690
761 308 414
667 40 566
593 438 446
576 294 739
429 561 593
360 725 429
682 283 -826
837 97 72
399 598 326
183 546 -404
572 764 689
544 786 -777
271 61 -485
64 803 -190
738 538 536
213 216 87
289 330 -658
182 243 -124
276 120 967
448 263 -3
744 435 557
210 704 237
36 603 73
145 353 -404
682 812 -710
342 865 -613
131 26 274
793 137 269
826 284 834
199 303 -381
277 569 970
812 582 -105
755 739 484
873 614 749
148 463 274
123 445 917
587 737 746
528 151 204
178 18 114
15 228 343
680 209 862
220 546 185
474 552 -242
414 267 -919
600 342 298
600 560 -126
8 88 643
73 726 -33
161 600 -192
559 618 -936
401 640 386
554 552 338
333 344 -96
364 268 191
599 720 945
823 805 909
614 570 115
491 395 -46
128 66 883
651 179 312
850 868 -154
634 297 -584
29 772 -985
602 613 966
612 431 -511
686 121 -184
609 365 -629
614 236 -752
796 339 890
228 700 968
394 749 -431
385 400 35
569 665 233
304 152 33
95 35 -316
97 556 648
834 427 178
644 661 132
847 664 110
798 766 930
461 512 -546
209 86 -247
529 636 533
35 20 194
530 45 -177
269 321 -29
250 109 831
135 845 -893
566 218 -818
369 719 -568
783 361 -936
503 586 -856
770 92 -311
330 109 -11
798 530 -355
591 178 680
320 646 545
116 657 -270
391 456 238
393 820 494
808 800 -935
573 820 -745
117 830 246
332 661 -44
860 681 -553
28 542 -549
108 674 -266
32 283 -317
368 426 262
41 583 -524
706 93 34
393 334 329
333 713 -147
412 266 692
763 132 -383
564 674 865
772 530 -176
110 791 -573
167 536 886
680 570 -544
311 660 -288
536 727 441
634 405 -622
117 417 -687
463 511 466
171 5 -391
183 204 858
842 409 457
366 702 -665
127 284 -324
504 811 710
727 440 -978
419 176 -434
848 84 166
75 670 -940
85 644 96
637 180 954
868 526 749
826 5 593
557 834 -586
36 564 -441
662 93 901
841 740 784
387 254 -365
171 663 948
707 43 649
212 201 -864
204 314 553
596 517 -838
779 538 207
630 229 -694
222 10 -923
848 799 -634
297 487 356
649 484 287
395 654 -400
324 572 -294
793 426 597
863 304 -803
749 509 -19
383 609 -705
100 683 -629
348 136 431
757 29 -637
321 153 927
314 837 637
92 15 -108
647 668 516
591 465 -760
400 629 -162
563 473 887
784 649 263
26 419 504
5 521 -860
349 137 125
868 208 -635
111 770 -842
646 286 840
320 814 785
666 343 -289
114 373 29
693 93 -264
664 11 -560
184 380 324
515 27 -42
273 534 -838
600 751 -342
533 874 -157
74 203 -238
287 821 675
170 113 -192
264 730 490
94 441 780
799 1 -413
843 421 240
412 607 840
404 840 -325
216 503 -669
175 142 -126
578 221 781
426 629 -908
655 46 750
49 493 903
675 300 -402
251 231 -925
721 400 -394
118 236 -135
234 18 457
569 335 787
675 416 735
177 473 -662
402 782 -152
764 368 -178
115 390 790
542 96 622
843 271 760
706 284 -29
817 302 -506
398 313 -450
746 300 -658
520 316 632
397 568 908
5 677 720
625 418 -898
329 577 465
629 421 169
850 59 -365
316 697 708
390 805 -886
301 333 -755
685 197 -538
299 434 -190
159 245 964
380 40 579
409 807 -954
675 802 -978
256 31 869
206 805 -578
455 773 -145
248 242 311
95 222 638
636 304 -624
583 330 820
460 102 -864
499 500 -10
158 582 134
210 221 -786
17 852 557
170 747 -595
140 475 -999
293 396 182
347 651 133
275 227 -966
315 8 -846
234 356 536
304 77 -253
457 749 660
671 120 369
198 39 887
576 345 -251
790 370 187
10 635 -522
859 334 409
558 778 -625
615 617 -648
827 698 -676
397 150 -979
607 357 124
458 431 569
732 365 -190
132 723 -353
137 684 -582
810 114 -294
620 133 322
574 748 492
233 691 -759
776 79 102
715 388 240
366 119 -931
209 620 570
333 367 357
35 529 336
331 408 747
298 766 -322
194 8 -958
772 102 -60
571 185 172
695 823 -984
555 719 29
544 623 -679
18 714 -27
859 82 -351
510 89 -573
255 473 619
330 688 -469
138 655 402
510 541 719
700 50 753
420 434 -29
233 326 -343
337 306 -228
636 549 878
662 202 65
268 94 820
807 158 -517
137 867 -428
230 843 20
787 183 295
445 423 -524
676 401 -603
90 479 -713
565 724 -142
233 634 -239
757 520 -962
727 287 -890
171 716 919
498 299 -388
654 619 743
114 421 -994
387 204 729
695 509 -63
307 538 205
209 598 411
620 212 -606
838 188 -849
378 747 -108
814 86 -82
655 799 717
37 345 -291
778 120 -854
104 539 555
744 653 -58
505 611 -754
42 735 613
502 804 -151
